id,ISO3166-2,pref,area1,area2,city,大雨警報,洪水警報,暴風警報,暴風雪警報,大雪警報,波浪警報,高潮警報,大雨注意報,洪水注意報,強風注意報,風雪注意報,大雪注意報,波浪注意報,高潮注意報,雷注意報,融雪注意報,濃霧注意報,乾燥注意報,なだれ注意報,低温注意報,霜注意報,着氷注意報,着雪注意報,lastUpdate,url
30101,JP-01,北海道,宗谷地方,宗谷北部,稚内市,,,,,,,,,,,1,,,,,,,,,,,,,2021-02-18T21:53,https://www.jma.go.jp/jp/warn/301_table.html
30102,JP-01,北海道,宗谷地方,宗谷北部,猿払村,,,,,,,,,,,1,,,,,,,,,,,,,2021-02-18T21:53,https://www.jma.go.jp/jp/warn/301_table.html
30103,JP-01,北海道,宗谷地方,宗谷北部,豊富町,,,,,,,,,,,1,,,,,,,,,,,,,2021-02-18T21:53,https://www.jma.go.jp/jp/warn/301_table.html
30104,JP-01,北海道,宗谷地方,宗谷北部,幌延町,,,,,,,,,,,1,,,,,,,,,,,,,2021-02-18T21:53,https://www.jma.go.jp/jp/warn/301_table.html
30105,JP-01,北海道,宗谷地方,宗谷南部,浜頓別町,,,,,,,,,,,,,,,,,,,,,,,,2021-02-18T21:53,https://www.jma.go.jp/jp/warn/301_table.html
30106,JP-01,北海道,宗谷地方,宗谷南部,中頓別町,,,,,,,,,,,,,,,,,,,,,,,,2021-02-18T21:53,https://www.jma.go.jp/jp/warn/301_table.html
30107,JP-01,北海道,宗谷地方,宗谷南部,枝幸町,,,,,,,,,,,,,,,,,,,,,,,,2021-02-18T21:53,https://www.jma.go.jp/jp/warn/301_table.html
30108,JP-01,北海道,宗谷地方,利尻・礼文,礼文町,,,,,,,,,,,1,,,,,,,,,,,,,2021-02-18T21:53,https://www.jma.go.jp/jp/warn/301_table.html
30109,JP-01,北海道,宗谷地方,利尻・礼文,利尻町,,,,,,,,,,,1,,,,,,,,,,,,,2021-02-18T21:53,https://www.jma.go.jp/jp/warn/301_table.html
30110,JP-01,北海道,宗谷地方,利尻・礼文,利尻富士町,,,,,,,,,,,1,,,,,,,,,,,,,2021-02-18T21:53,https://www.jma.go.jp/jp/warn/301_table.html
30201,JP-01,北海道,上川地方,上川北部,士別市,,,,,,,,,,,,,,,,,,,,,,,,2021-02-19T04:05,https://www.jma.go.jp/jp/warn/302_table.html
30202,JP-01,北海道,上川地方,上川北部,名寄市,,,,,,,,,,,,,,,,,,,,,,,,2021-02-19T04:05,https://www.jma.go.jp/jp/warn/302_table.html
30203,JP-01,北海道,上川地方,上川北部,和寒町,,,,,,,,,,,,,,,,,,,,,,,,2021-02-19T04:05,https://www.jma.go.jp/jp/warn/302_table.html
30204,JP-01,北海道,上川地方,上川北部,剣淵町,,,,,,,,,,,,,,,,,,,,,,,,2021-02-19T04:05,https://www.jma.go.jp/jp/warn/302_table.html
30205,JP-01,北海道,上川地方,上川北部,下川町,,,,,,,,,,,,,,,,,,,,,,,,2021-02-19T04:05,https://www.jma.go.jp/jp/warn/302_table.html
30206,JP-01,北海道,上川地方,上川北部,美深町,,,,,,,,,,,,,,,,,,,,,,,,2021-02-19T04:05,https://www.jma.go.jp/jp/warn/302_table.html
30207,JP-01,北海道,上川地方,上川北部,音威子府村,,,,,,,,,,,,,,,,,,,,,,,,2021-02-19T04:05,https://www.jma.go.jp/jp/warn/302_table.html
30208,JP-01,北海道,上川地方,上川北部,中川町,,,,,,,,,,,,,,,,,,,,,,,,2021-02-19T04:05,https://www.jma.go.jp/jp/warn/302_table.html
30209,JP-01,北海道,上川地方,上川北部,幌加内町,,,,,,,,,,,,,,,,,,,,,,,,2021-02-19T04:05,https://www.jma.go.jp/jp/warn/302_table.html
30210,JP-01,北海道,上川地方,上川中部,旭川市,,,,,,,,,,,,,,,,,,,,,,,,2021-02-19T04:05,https://www.jma.go.jp/jp/warn/302_table.html
30211,JP-01,北海道,上川地方,上川中部,鷹栖町,,,,,,,,,,,,,,,,,,,,,,,,2021-02-19T04:05,https://www.jma.go.jp/jp/warn/302_table.html
30212,JP-01,北海道,上川地方,上川中部,東神楽町,,,,,,,,,,,,,,,,,,,,,,,,2021-02-19T04:05,https://www.jma.go.jp/jp/warn/302_table.html
30213,JP-01,北海道,上川地方,上川中部,当麻町,,,,,,,,,,,,,,,,,,,,,,,,2021-02-19T04:05,https://www.jma.go.jp/jp/warn/302_table.html
30214,JP-01,北海道,上川地方,上川中部,比布町,,,,,,,,,,,,,,,,,,,,,,,,2021-02-19T04:05,https://www.jma.go.jp/jp/warn/302_table.html
30215,JP-01,北海道,上川地方,上川中部,愛別町,,,,,,,,,,,,,,,,,,,,,,,,2021-02-19T04:05,https://www.jma.go.jp/jp/warn/302_table.html
30216,JP-01,北海道,上川地方,上川中部,上川町,,,,,,,,,,,,,,,,,,,,,,,,2021-02-19T04:05,https://www.jma.go.jp/jp/warn/302_table.html
30217,JP-01,北海道,上川地方,上川中部,東川町,,,,,,,,,,,,,,,,,,,,,,,,2021-02-19T04:05,https://www.jma.go.jp/jp/warn/302_table.html
30218,JP-01,北海道,上川地方,上川中部,美瑛町,,,,,,,,,,,,,,,,,,,,,,,,2021-02-19T04:05,https://www.jma.go.jp/jp/warn/302_table.html
30219,JP-01,北海道,上川地方,上川南部,富良野市,,,,,,,,,,,,,,,,,,,,,,,,2021-02-19T04:05,https://www.jma.go.jp/jp/warn/302_table.html
30220,JP-01,北海道,上川地方,上川南部,上富良野町,,,,,,,,,,,,,,,,,,,,,,,,2021-02-19T04:05,https://www.jma.go.jp/jp/warn/302_table.html
30221,JP-01,北海道,上川地方,上川南部,中富良野町,,,,,,,,,,,,,,,,,,,,,,,,2021-02-19T04:05,https://www.jma.go.jp/jp/warn/302_table.html
30222,JP-01,北海道,上川地方,上川南部,南富良野町,,,,,,,,,,,,,,,,,,,,,,,,2021-02-19T04:05,https://www.jma.go.jp/jp/warn/302_table.html
30223,JP-01,北海道,上川地方,上川南部,占冠村,,,,,,,,,,,,,,,,,,,,,,,,2021-02-19T04:05,https://www.jma.go.jp/jp/warn/302_table.html
30224,JP-01,北海道,留萌地方,留萌北部,遠別町,,,,,,,,,,,1,,,,,,,,,,,,,2021-02-19T04:05,https://www.jma.go.jp/jp/warn/302_table.html
30225,JP-01,北海道,留萌地方,留萌北部,天塩町,,,,,,,,,,,1,,,,,,,,,,,,,2021-02-19T04:05,https://www.jma.go.jp/jp/warn/302_table.html
30226,JP-01,北海道,留萌地方,留萌中部,苫前町,,,,,,,,,,,1,,,,,,,,,,,,,2021-02-19T04:05,https://www.jma.go.jp/jp/warn/302_table.html
30227,JP-01,北海道,留萌地方,留萌中部,羽幌町,,,,,,,,,,,1,,,,,,,,,,,,,2021-02-19T04:05,https://www.jma.go.jp/jp/warn/302_table.html
30228,JP-01,北海道,留萌地方,留萌中部,天売焼尻,,,,,,,,,,,1,,,,,,,,,,,,,2021-02-19T04:05,https://www.jma.go.jp/jp/warn/302_table.html
30229,JP-01,北海道,留萌地方,留萌中部,初山別村,,,,,,,,,,,1,,,,,,,,,,,,,2021-02-19T04:05,https://www.jma.go.jp/jp/warn/302_table.html
30230,JP-01,北海道,留萌地方,留萌南部,留萌市,,,,,,,,,,,1,,,,,,,,,,,,,2021-02-19T04:05,https://www.jma.go.jp/jp/warn/302_table.html
30231,JP-01,北海道,留萌地方,留萌南部,増毛町,,,,,,,,,,,1,,,,,,,,,,,,,2021-02-19T04:05,https://www.jma.go.jp/jp/warn/302_table.html
30232,JP-01,北海道,留萌地方,留萌南部,小平町,,,,,,,,,,,1,,,,,,,,,,,,,2021-02-19T04:05,https://www.jma.go.jp/jp/warn/302_table.html
30301,JP-01,北海道,網走地方,網走西部,北見市常呂,,,,,,,,,,,,,,,,,,,,,,,,2021-02-18T20:24,https://www.jma.go.jp/jp/warn/303_table.html
30302,JP-01,北海道,網走地方,網走西部,網走市,,,,,,,,,,,,,,,,,,,,,,,,2021-02-18T20:24,https://www.jma.go.jp/jp/warn/303_table.html
30303,JP-01,北海道,網走地方,網走西部,佐呂間町,,,,,,,,,,,,,,,,,,,,,,,,2021-02-18T20:24,https://www.jma.go.jp/jp/warn/303_table.html
30304,JP-01,北海道,網走地方,網走西部,大空町,,,,,,,,,,,,,,,,,,,,,,,,2021-02-18T20:24,https://www.jma.go.jp/jp/warn/303_table.html
30305,JP-01,北海道,網走地方,網走東部,斜里町,,,,,,,,,,,,,,,,,,,,,,,,2021-02-18T20:24,https://www.jma.go.jp/jp/warn/303_table.html
30306,JP-01,北海道,網走地方,網走東部,清里町,,,,,,,,,,,,,,,,,,,,,,,,2021-02-18T20:24,https://www.jma.go.jp/jp/warn/303_table.html
30307,JP-01,北海道,網走地方,網走東部,小清水町,,,,,,,,,,,,,,,,,,,,,,,,2021-02-18T20:24,https://www.jma.go.jp/jp/warn/303_table.html
30308,JP-01,北海道,網走地方,網走南部,美幌町,,,,,,,,,,,,,,,,,,,,,,,,2021-02-18T20:24,https://www.jma.go.jp/jp/warn/303_table.html
30309,JP-01,北海道,網走地方,網走南部,津別町,,,,,,,,,,,,,,,,,,,,,,,,2021-02-18T20:24,https://www.jma.go.jp/jp/warn/303_table.html
30310,JP-01,北海道,北見地方,北見地方,北見市北見,,,,,,,,,,,,,,,,,,,,,,,,2021-02-18T20:24,https://www.jma.go.jp/jp/warn/303_table.html
30311,JP-01,北海道,北見地方,北見地方,訓子府町,,,,,,,,,,,,,,,,,,,,,,,,2021-02-18T20:24,https://www.jma.go.jp/jp/warn/303_table.html
30312,JP-01,北海道,北見地方,北見地方,置戸町,,,,,,,,,,,,,,,,,,,,,,,,2021-02-18T20:24,https://www.jma.go.jp/jp/warn/303_table.html
30313,JP-01,北海道,紋別地方,紋別北部,紋別市,,,,,,,,,,,,,,,,,,,,,,,,2021-02-18T20:24,https://www.jma.go.jp/jp/warn/303_table.html
30314,JP-01,北海道,紋別地方,紋別北部,滝上町,,,,,,,,,,,,,,,,,,,,,,,,2021-02-18T20:24,https://www.jma.go.jp/jp/warn/303_table.html
30315,JP-01,北海道,紋別地方,紋別北部,興部町,,,,,,,,,,,,,,,,,,,,,,,,2021-02-18T20:24,https://www.jma.go.jp/jp/warn/303_table.html
30316,JP-01,北海道,紋別地方,紋別北部,西興部村,,,,,,,,,,,,,,,,,,,,,,,,2021-02-18T20:24,https://www.jma.go.jp/jp/warn/303_table.html
30317,JP-01,北海道,紋別地方,紋別北部,雄武町,,,,,,,,,,,,,,,,,,,,,,,,2021-02-18T20:24,https://www.jma.go.jp/jp/warn/303_table.html
30318,JP-01,北海道,紋別地方,紋別南部,遠軽町,,,,,,,,,,,,,,,,,,,,,,,,2021-02-18T20:24,https://www.jma.go.jp/jp/warn/303_table.html
30319,JP-01,北海道,紋別地方,紋別南部,湧別町,,,,,,,,,,,,,,,,,,,,,,,,2021-02-18T20:24,https://www.jma.go.jp/jp/warn/303_table.html
30401,JP-01,北海道,根室地方,根室北部,中標津町,,,,,,,,,,,,,,,,,,,,,,,,2021-02-19T08:20,https://www.jma.go.jp/jp/warn/304_table.html
30402,JP-01,北海道,根室地方,根室北部,標津町,,,,,,,,,,,,,,,,,,,,,,,,2021-02-19T08:20,https://www.jma.go.jp/jp/warn/304_table.html
30403,JP-01,北海道,根室地方,根室北部,羅臼町,,,,,,,,,,,,,,,,,,,,,,,,2021-02-19T08:20,https://www.jma.go.jp/jp/warn/304_table.html
30404,JP-01,北海道,根室地方,根室中部,別海町,,,,,,,,,,,,,,,,,,,,,,,,2021-02-19T08:20,https://www.jma.go.jp/jp/warn/304_table.html
30405,JP-01,北海道,根室地方,根室南部,根室市,,,,,,,,,,,,,,,,,,,,,,,,2021-02-19T08:20,https://www.jma.go.jp/jp/warn/304_table.html
30406,JP-01,北海道,釧路地方,釧路北部,弟子屈町,,,,,,,,,,,,,,,,,,,,,,,,2021-02-19T08:20,https://www.jma.go.jp/jp/warn/304_table.html
30407,JP-01,北海道,釧路地方,釧路中部,釧路市阿寒,,,,,,,,,,,,,,,,,,,,,,,,2021-02-19T08:20,https://www.jma.go.jp/jp/warn/304_table.html
30408,JP-01,北海道,釧路地方,釧路中部,標茶町,,,,,,,,,,,,,,,,,,,,,,,,2021-02-19T08:20,https://www.jma.go.jp/jp/warn/304_table.html
30409,JP-01,北海道,釧路地方,釧路中部,鶴居村,,,,,,,,,,,,,,,,,,,,,,,,2021-02-19T08:20,https://www.jma.go.jp/jp/warn/304_table.html
30410,JP-01,北海道,釧路地方,釧路南東部,厚岸町,,,,,,,,,,,,,,,,,,,,,,,,2021-02-19T08:20,https://www.jma.go.jp/jp/warn/304_table.html
30411,JP-01,北海道,釧路地方,釧路南東部,浜中町,,,,,,,,,,,,,,,,,,,,,,,,2021-02-19T08:20,https://www.jma.go.jp/jp/warn/304_table.html
30412,JP-01,北海道,釧路地方,釧路南西部,釧路市釧路,,,,,,,,,,,,,,,,,,,,,,,,2021-02-19T08:20,https://www.jma.go.jp/jp/warn/304_table.html
30413,JP-01,北海道,釧路地方,釧路南西部,釧路市音別,,,,,,,,,,,,,,,,,,,,,,,,2021-02-19T08:20,https://www.jma.go.jp/jp/warn/304_table.html
30414,JP-01,北海道,釧路地方,釧路南西部,釧路町,,,,,,,,,,,,,,,,,,,,,,,,2021-02-19T08:20,https://www.jma.go.jp/jp/warn/304_table.html
30415,JP-01,北海道,釧路地方,釧路南西部,白糠町,,,,,,,,,,,,,,,,,,,,,,,,2021-02-19T08:20,https://www.jma.go.jp/jp/warn/304_table.html
30416,JP-01,北海道,十勝地方,十勝北部,上士幌町,,,,,,,,,,,,,,,,,,,,,,,,2021-02-19T08:20,https://www.jma.go.jp/jp/warn/304_table.html
30417,JP-01,北海道,十勝地方,十勝北部,鹿追町,,,,,,,,,,,,,,,,,,,,,,,,2021-02-19T08:20,https://www.jma.go.jp/jp/warn/304_table.html
30418,JP-01,北海道,十勝地方,十勝北部,新得町,,,,,,,,,,,,,,,,,,,,,,,,2021-02-19T08:20,https://www.jma.go.jp/jp/warn/304_table.html
30419,JP-01,北海道,十勝地方,十勝北部,足寄町,,,,,,,,,,,,,,,,,,,,,,,,2021-02-19T08:20,https://www.jma.go.jp/jp/warn/304_table.html
30420,JP-01,北海道,十勝地方,十勝北部,陸別町,,,,,,,,,,,,,,,,,,,,,,,,2021-02-19T08:20,https://www.jma.go.jp/jp/warn/304_table.html
30421,JP-01,北海道,十勝地方,十勝中部,帯広市,,,,,,,,,,,,,,,,,,,,,,,,2021-02-19T08:20,https://www.jma.go.jp/jp/warn/304_table.html
30422,JP-01,北海道,十勝地方,十勝中部,音更町,,,,,,,,,,,,,,,,,,,,,,,,2021-02-19T08:20,https://www.jma.go.jp/jp/warn/304_table.html
30423,JP-01,北海道,十勝地方,十勝中部,士幌町,,,,,,,,,,,,,,,,,,,,,,,,2021-02-19T08:20,https://www.jma.go.jp/jp/warn/304_table.html
30424,JP-01,北海道,十勝地方,十勝中部,清水町,,,,,,,,,,,,,,,,,,,,,,,,2021-02-19T08:20,https://www.jma.go.jp/jp/warn/304_table.html
30425,JP-01,北海道,十勝地方,十勝中部,芽室町,,,,,,,,,,,,,,,,,,,,,,,,2021-02-19T08:20,https://www.jma.go.jp/jp/warn/304_table.html
30426,JP-01,北海道,十勝地方,十勝中部,幕別町,,,,,,,,,,,,,,,,,,,,,,,,2021-02-19T08:20,https://www.jma.go.jp/jp/warn/304_table.html
30427,JP-01,北海道,十勝地方,十勝中部,池田町,,,,,,,,,,,,,,,,,,,,,,,,2021-02-19T08:20,https://www.jma.go.jp/jp/warn/304_table.html
30428,JP-01,北海道,十勝地方,十勝中部,豊頃町,,,,,,,,,,,,,,,,,,,,,,,,2021-02-19T08:20,https://www.jma.go.jp/jp/warn/304_table.html
30429,JP-01,北海道,十勝地方,十勝中部,本別町,,,,,,,,,,,,,,,,,,,,,,,,2021-02-19T08:20,https://www.jma.go.jp/jp/warn/304_table.html
30430,JP-01,北海道,十勝地方,十勝中部,浦幌町,,,,,,,,,,,,,,,,,,,,,,,,2021-02-19T08:20,https://www.jma.go.jp/jp/warn/304_table.html
30431,JP-01,北海道,十勝地方,十勝南部,中札内村,,,,,,,,,,,,,,,,,,,,,,,,2021-02-19T08:20,https://www.jma.go.jp/jp/warn/304_table.html
30432,JP-01,北海道,十勝地方,十勝南部,更別村,,,,,,,,,,,,,,,,,,,,,,,,2021-02-19T08:20,https://www.jma.go.jp/jp/warn/304_table.html
30433,JP-01,北海道,十勝地方,十勝南部,大樹町,,,,,,,,,,,,,,,,,,,,,,,,2021-02-19T08:20,https://www.jma.go.jp/jp/warn/304_table.html
30434,JP-01,北海道,十勝地方,十勝南部,広尾町,,,,,,,,,,,,,,,,,,,,,,,,2021-02-19T08:20,https://www.jma.go.jp/jp/warn/304_table.html
30501,JP-01,北海道,胆振地方,胆振西部,伊達市伊達,,,,,,,,,,,,,,,,,,,,,,,,2021-02-19T04:04,https://www.jma.go.jp/jp/warn/305_table.html
30502,JP-01,北海道,胆振地方,胆振西部,伊達市大滝,,,,,,,,,,,,,,,,,,,,,,,,2021-02-19T04:04,https://www.jma.go.jp/jp/warn/305_table.html
30503,JP-01,北海道,胆振地方,胆振西部,豊浦町,,,,,,,,,,,,,,,,,,,,,,,,2021-02-19T04:04,https://www.jma.go.jp/jp/warn/305_table.html
30504,JP-01,北海道,胆振地方,胆振西部,壮瞥町,,,,,,,,,,,,,,,,,,,,,,,,2021-02-19T04:04,https://www.jma.go.jp/jp/warn/305_table.html
30505,JP-01,北海道,胆振地方,胆振西部,洞爺湖町,,,,,,,,,,,,,,,,,,,,,,,,2021-02-19T04:04,https://www.jma.go.jp/jp/warn/305_table.html
30506,JP-01,北海道,胆振地方,胆振中部,室蘭市,,,,,,,,,,1,,,,,,,,,,,,,,2021-02-19T04:04,https://www.jma.go.jp/jp/warn/305_table.html
30507,JP-01,北海道,胆振地方,胆振中部,苫小牧市,,,,,,,,,,1,,,,,,,,,,,,,,2021-02-19T04:04,https://www.jma.go.jp/jp/warn/305_table.html
30508,JP-01,北海道,胆振地方,胆振中部,登別市,,,,,,,,,,1,,,,,,,,,,,,,,2021-02-19T04:04,https://www.jma.go.jp/jp/warn/305_table.html
30509,JP-01,北海道,胆振地方,胆振中部,白老町,,,,,,,,,,1,,,,,,,,,,,,,,2021-02-19T04:04,https://www.jma.go.jp/jp/warn/305_table.html
30510,JP-01,北海道,胆振地方,胆振東部,厚真町,,,,,,,,,,,,,,,,,,,,,,,,2021-02-19T04:04,https://www.jma.go.jp/jp/warn/305_table.html
30511,JP-01,北海道,胆振地方,胆振東部,安平町,,,,,,,,,,,,,,,,,,,,,,,,2021-02-19T04:04,https://www.jma.go.jp/jp/warn/305_table.html
30512,JP-01,北海道,胆振地方,胆振東部,むかわ町,,,,,,,,,,,,,,,,,,,,,,,,2021-02-19T04:04,https://www.jma.go.jp/jp/warn/305_table.html
30513,JP-01,北海道,日高地方,日高西部,日高町日高,,,,,,,,,,,,,,,,,,,,,,,,2021-02-19T04:04,https://www.jma.go.jp/jp/warn/305_table.html
30514,JP-01,北海道,日高地方,日高西部,日高町門別,,,,,,,,,,,,,,,,,,,,,,,,2021-02-19T04:04,https://www.jma.go.jp/jp/warn/305_table.html
30515,JP-01,北海道,日高地方,日高西部,平取町,,,,,,,,,,,,,,,,,,,,,,,,2021-02-19T04:04,https://www.jma.go.jp/jp/warn/305_table.html
30516,JP-01,北海道,日高地方,日高中部,新冠町,,,,,,,,,,,,,,,,,,,,,,,,2021-02-19T04:04,https://www.jma.go.jp/jp/warn/305_table.html
30517,JP-01,北海道,日高地方,日高中部,新ひだか町,,,,,,,,,,,,,,,,,,,,,,,,2021-02-19T04:04,https://www.jma.go.jp/jp/warn/305_table.html
30518,JP-01,北海道,日高地方,日高東部,浦河町,,,,,,,,,,1,,,,,,,,,,,,,,2021-02-19T04:04,https://www.jma.go.jp/jp/warn/305_table.html
30519,JP-01,北海道,日高地方,日高東部,様似町,,,,,,,,,,1,,,,,,,,,,,,,,2021-02-19T04:04,https://www.jma.go.jp/jp/warn/305_table.html
30520,JP-01,北海道,日高地方,日高東部,えりも町,,,,,,,,,,1,,,,,,,,,,,,,,2021-02-19T04:04,https://www.jma.go.jp/jp/warn/305_table.html
30601,JP-01,北海道,石狩地方,石狩北部,石狩市,,,,,,,,,,,1,,,,,,,,,,,,,2021-02-19T04:39,https://www.jma.go.jp/jp/warn/306_table.html
30602,JP-01,北海道,石狩地方,石狩北部,当別町,,,,,,,,,,,,,,,,,,,,,,,,2021-02-19T04:39,https://www.jma.go.jp/jp/warn/306_table.html
30603,JP-01,北海道,石狩地方,石狩北部,新篠津村,,,,,,,,,,,,,,,,,,,,,,,,2021-02-19T04:39,https://www.jma.go.jp/jp/warn/306_table.html
30604,JP-01,北海道,石狩地方,石狩中部,札幌市,,,,,,,,,,,,,,,,,,,1,,,,,2021-02-19T04:39,https://www.jma.go.jp/jp/warn/306_table.html
30605,JP-01,北海道,石狩地方,石狩中部,江別市,,,,,,,,,,,,,,,,,,,1,,,,,2021-02-19T04:39,https://www.jma.go.jp/jp/warn/306_table.html
30606,JP-01,北海道,石狩地方,石狩南部,千歳市,,,,,,,,,,,,,,,,,,,,,,,,2021-02-19T04:39,https://www.jma.go.jp/jp/warn/306_table.html
30607,JP-01,北海道,石狩地方,石狩南部,恵庭市,,,,,,,,,,,,,,,,,,,,,,,,2021-02-19T04:39,https://www.jma.go.jp/jp/warn/306_table.html
30608,JP-01,北海道,石狩地方,石狩南部,北広島市,,,,,,,,,,,,,,,,,,,,,,,,2021-02-19T04:39,https://www.jma.go.jp/jp/warn/306_table.html
30609,JP-01,北海道,空知地方,北空知,深川市,,,,,,,,,,,,,,,,,,,,,,,,2021-02-19T04:39,https://www.jma.go.jp/jp/warn/306_table.html
30610,JP-01,北海道,空知地方,北空知,妹背牛町,,,,,,,,,,,,,,,,,,,,,,,,2021-02-19T04:39,https://www.jma.go.jp/jp/warn/306_table.html
30611,JP-01,北海道,空知地方,北空知,秩父別町,,,,,,,,,,,,,,,,,,,,,,,,2021-02-19T04:39,https://www.jma.go.jp/jp/warn/306_table.html
30612,JP-01,北海道,空知地方,北空知,北竜町,,,,,,,,,,,,,,,,,,,,,,,,2021-02-19T04:39,https://www.jma.go.jp/jp/warn/306_table.html
30613,JP-01,北海道,空知地方,北空知,沼田町,,,,,,,,,,,,,,,,,,,,,,,,2021-02-19T04:39,https://www.jma.go.jp/jp/warn/306_table.html
30614,JP-01,北海道,空知地方,中空知,芦別市,,,,,,,,,,,,,,,,,,,,,,,,2021-02-19T04:39,https://www.jma.go.jp/jp/warn/306_table.html
30615,JP-01,北海道,空知地方,中空知,赤平市,,,,,,,,,,,,,,,,,,,,,,,,2021-02-19T04:39,https://www.jma.go.jp/jp/warn/306_table.html
30616,JP-01,北海道,空知地方,中空知,滝川市,,,,,,,,,,,,,,,,,,,,,,,,2021-02-19T04:39,https://www.jma.go.jp/jp/warn/306_table.html
30617,JP-01,北海道,空知地方,中空知,砂川市,,,,,,,,,,,,,,,,,,,,,,,,2021-02-19T04:39,https://www.jma.go.jp/jp/warn/306_table.html
30618,JP-01,北海道,空知地方,中空知,歌志内市,,,,,,,,,,,,,,,,,,,,,,,,2021-02-19T04:39,https://www.jma.go.jp/jp/warn/306_table.html
30619,JP-01,北海道,空知地方,中空知,奈井江町,,,,,,,,,,,,,,,,,,,,,,,,2021-02-19T04:39,https://www.jma.go.jp/jp/warn/306_table.html
30620,JP-01,北海道,空知地方,中空知,上砂川町,,,,,,,,,,,,,,,,,,,,,,,,2021-02-19T04:39,https://www.jma.go.jp/jp/warn/306_table.html
30621,JP-01,北海道,空知地方,中空知,浦臼町,,,,,,,,,,,,,,,,,,,,,,,,2021-02-19T04:39,https://www.jma.go.jp/jp/warn/306_table.html
30622,JP-01,北海道,空知地方,中空知,新十津川町,,,,,,,,,,,,,,,,,,,,,,,,2021-02-19T04:39,https://www.jma.go.jp/jp/warn/306_table.html
30623,JP-01,北海道,空知地方,中空知,雨竜町,,,,,,,,,,,,,,,,,,,,,,,,2021-02-19T04:39,https://www.jma.go.jp/jp/warn/306_table.html
30624,JP-01,北海道,空知地方,南空知,夕張市,,,,,,,,,,,,,,,,,,,,,,,,2021-02-19T04:39,https://www.jma.go.jp/jp/warn/306_table.html
30625,JP-01,北海道,空知地方,南空知,岩見沢市,,,,,,,,,,,,,,,,,,,,,,,,2021-02-19T04:39,https://www.jma.go.jp/jp/warn/306_table.html
30626,JP-01,北海道,空知地方,南空知,美唄市,,,,,,,,,,,,,,,,,,,,,,,,2021-02-19T04:39,https://www.jma.go.jp/jp/warn/306_table.html
30627,JP-01,北海道,空知地方,南空知,三笠市,,,,,,,,,,,,,,,,,,,,,,,,2021-02-19T04:39,https://www.jma.go.jp/jp/warn/306_table.html
30628,JP-01,北海道,空知地方,南空知,南幌町,,,,,,,,,,,,,,,,,,,,,,,,2021-02-19T04:39,https://www.jma.go.jp/jp/warn/306_table.html
30629,JP-01,北海道,空知地方,南空知,由仁町,,,,,,,,,,,,,,,,,,,,,,,,2021-02-19T04:39,https://www.jma.go.jp/jp/warn/306_table.html
30630,JP-01,北海道,空知地方,南空知,長沼町,,,,,,,,,,,,,,,,,,,,,,,,2021-02-19T04:39,https://www.jma.go.jp/jp/warn/306_table.html
30631,JP-01,北海道,空知地方,南空知,栗山町,,,,,,,,,,,,,,,,,,,,,,,,2021-02-19T04:39,https://www.jma.go.jp/jp/warn/306_table.html
30632,JP-01,北海道,空知地方,南空知,月形町,,,,,,,,,,,,,,,,,,,,,,,,2021-02-19T04:39,https://www.jma.go.jp/jp/warn/306_table.html
30633,JP-01,北海道,後志地方,後志北部,小樽市,,,,,,,,,,,,,,,,,,,1,,,,,2021-02-19T04:39,https://www.jma.go.jp/jp/warn/306_table.html
30634,JP-01,北海道,後志地方,後志北部,積丹町,,,,,,,,,,,,,,,,,,,1,,,,,2021-02-19T04:39,https://www.jma.go.jp/jp/warn/306_table.html
30635,JP-01,北海道,後志地方,後志北部,古平町,,,,,,,,,,,,,,,,,,,1,,,,,2021-02-19T04:39,https://www.jma.go.jp/jp/warn/306_table.html
30636,JP-01,北海道,後志地方,後志北部,仁木町,,,,,,,,,,,,,,,,,,,1,,,,,2021-02-19T04:39,https://www.jma.go.jp/jp/warn/306_table.html
30637,JP-01,北海道,後志地方,後志北部,余市町,,,,,,,,,,,,,,,,,,,1,,,,,2021-02-19T04:39,https://www.jma.go.jp/jp/warn/306_table.html
30638,JP-01,北海道,後志地方,後志北部,赤井川村,,,,,,,,,,,,,,,,,,,1,,,,,2021-02-19T04:39,https://www.jma.go.jp/jp/warn/306_table.html
30639,JP-01,北海道,後志地方,羊蹄山麓,ニセコ町,,,,,,,,,,,,,,,,,,,1,,,,,2021-02-19T04:39,https://www.jma.go.jp/jp/warn/306_table.html
30640,JP-01,北海道,後志地方,羊蹄山麓,真狩村,,,,,,,,,,,,,,,,,,,1,,,,,2021-02-19T04:39,https://www.jma.go.jp/jp/warn/306_table.html
30641,JP-01,北海道,後志地方,羊蹄山麓,留寿都村,,,,,,,,,,,,,,,,,,,1,,,,,2021-02-19T04:39,https://www.jma.go.jp/jp/warn/306_table.html
30642,JP-01,北海道,後志地方,羊蹄山麓,喜茂別町,,,,,,,,,,,,,,,,,,,1,,,,,2021-02-19T04:39,https://www.jma.go.jp/jp/warn/306_table.html
30643,JP-01,北海道,後志地方,羊蹄山麓,京極町,,,,,,,,,,,,,,,,,,,1,,,,,2021-02-19T04:39,https://www.jma.go.jp/jp/warn/306_table.html
30644,JP-01,北海道,後志地方,羊蹄山麓,倶知安町,,,,,,,,,,,,,,,,,,,1,,,,,2021-02-19T04:39,https://www.jma.go.jp/jp/warn/306_table.html
30645,JP-01,北海道,後志地方,後志西部,島牧村,,,,,,,,,,,,,,,,,,,1,,,,,2021-02-19T04:39,https://www.jma.go.jp/jp/warn/306_table.html
30646,JP-01,北海道,後志地方,後志西部,寿都町,,,,,,,,,,,,,,,,,,,1,,,,,2021-02-19T04:39,https://www.jma.go.jp/jp/warn/306_table.html
30647,JP-01,北海道,後志地方,後志西部,黒松内町,,,,,,,,,,,,,,,,,,,1,,,,,2021-02-19T04:39,https://www.jma.go.jp/jp/warn/306_table.html
30648,JP-01,北海道,後志地方,後志西部,蘭越町,,,,,,,,,,,,,,,,,,,1,,,,,2021-02-19T04:39,https://www.jma.go.jp/jp/warn/306_table.html
30649,JP-01,北海道,後志地方,後志西部,共和町,,,,,,,,,,,,,,,,,,,1,,,,,2021-02-19T04:39,https://www.jma.go.jp/jp/warn/306_table.html
30650,JP-01,北海道,後志地方,後志西部,岩内町,,,,,,,,,,,,,,,,,,,1,,,,,2021-02-19T04:39,https://www.jma.go.jp/jp/warn/306_table.html
30651,JP-01,北海道,後志地方,後志西部,泊村,,,,,,,,,,,,,,,,,,,1,,,,,2021-02-19T04:39,https://www.jma.go.jp/jp/warn/306_table.html
30652,JP-01,北海道,後志地方,後志西部,神恵内村,,,,,,,,,,,,,,,,,,,1,,,,,2021-02-19T04:39,https://www.jma.go.jp/jp/warn/306_table.html
30701,JP-01,北海道,渡島地方,渡島北部,八雲町八雲,,,,,,,,,,,,,,,,,,,,,,,,2021-02-19T04:02,https://www.jma.go.jp/jp/warn/307_table.html
30702,JP-01,北海道,渡島地方,渡島北部,長万部町,,,,,,,,,,,,,,,,,,,,,,,,2021-02-19T04:02,https://www.jma.go.jp/jp/warn/307_table.html
30703,JP-01,北海道,渡島地方,渡島東部,函館市,,,,,,,,,,,,,,,,,,,,,,,,2021-02-19T04:02,https://www.jma.go.jp/jp/warn/307_table.html
30704,JP-01,北海道,渡島地方,渡島東部,北斗市,,,,,,,,,,,,,,,,,,,,,,,,2021-02-19T04:02,https://www.jma.go.jp/jp/warn/307_table.html
30705,JP-01,北海道,渡島地方,渡島東部,七飯町,,,,,,,,,,,,,,,,,,,,,,,,2021-02-19T04:02,https://www.jma.go.jp/jp/warn/307_table.html
30706,JP-01,北海道,渡島地方,渡島東部,鹿部町,,,,,,,,,,,,,,,,,,,,,,,,2021-02-19T04:02,https://www.jma.go.jp/jp/warn/307_table.html
30707,JP-01,北海道,渡島地方,渡島東部,森町,,,,,,,,,,,,,,,,,,,,,,,,2021-02-19T04:02,https://www.jma.go.jp/jp/warn/307_table.html
30708,JP-01,北海道,渡島地方,渡島西部,松前町,,,,,,,,,,,,,1,,,,,,,,,,,2021-02-19T04:02,https://www.jma.go.jp/jp/warn/307_table.html
30709,JP-01,北海道,渡島地方,渡島西部,福島町,,,,,,,,,,,,,,,,,,,,,,,,2021-02-19T04:02,https://www.jma.go.jp/jp/warn/307_table.html
30710,JP-01,北海道,渡島地方,渡島西部,知内町,,,,,,,,,,,,,,,,,,,,,,,,2021-02-19T04:02,https://www.jma.go.jp/jp/warn/307_table.html
30711,JP-01,北海道,渡島地方,渡島西部,木古内町,,,,,,,,,,,,,,,,,,,,,,,,2021-02-19T04:02,https://www.jma.go.jp/jp/warn/307_table.html
30712,JP-01,北海道,檜山地方,檜山北部,八雲町熊石,,,,,,,,,,,,,1,,,,,,,,,,,2021-02-19T04:02,https://www.jma.go.jp/jp/warn/307_table.html
30713,JP-01,北海道,檜山地方,檜山北部,今金町,,,,,,,,,,,,,,,,,,,,,,,,2021-02-19T04:02,https://www.jma.go.jp/jp/warn/307_table.html
30714,JP-01,北海道,檜山地方,檜山北部,せたな町,,,,,,,,,,,,,1,,,,,,,,,,,2021-02-19T04:02,https://www.jma.go.jp/jp/warn/307_table.html
30715,JP-01,北海道,檜山地方,檜山南部,江差町,,,,,,,,,,1,,,1,,,,,,,,,,,2021-02-19T04:02,https://www.jma.go.jp/jp/warn/307_table.html
30716,JP-01,北海道,檜山地方,檜山南部,上ノ国町,,,,,,,,,,1,,,1,,,,,,,,,,,2021-02-19T04:02,https://www.jma.go.jp/jp/warn/307_table.html
30717,JP-01,北海道,檜山地方,檜山南部,厚沢部町,,,,,,,,,,1,,,,,,,,,,,,,,2021-02-19T04:02,https://www.jma.go.jp/jp/warn/307_table.html
30718,JP-01,北海道,檜山地方,檜山南部,乙部町,,,,,,,,,,1,,,1,,,,,,,,,,,2021-02-19T04:02,https://www.jma.go.jp/jp/warn/307_table.html
30719,JP-01,北海道,檜山地方,檜山奥尻島,奥尻町,,,,,,,,,,,,,1,,,,,,,,,,,2021-02-19T04:02,https://www.jma.go.jp/jp/warn/307_table.html
30801,JP-02,青森県,津軽,東青津軽,青森市,,,,,,,,,,,,,,,,,,,,,,,,2021-02-19T04:45,https://www.jma.go.jp/jp/warn/308_table.html
30802,JP-02,青森県,津軽,東青津軽,平内町,,,,,,,,,,,,,,,,,,,,,,,,2021-02-19T04:45,https://www.jma.go.jp/jp/warn/308_table.html
30803,JP-02,青森県,津軽,東青津軽,今別町,,,,,,,,,,,,,,,,,,,,,,,,2021-02-19T04:45,https://www.jma.go.jp/jp/warn/308_table.html
30804,JP-02,青森県,津軽,東青津軽,蓬田村,,,,,,,,,,,,,,,,,,,,,,,,2021-02-19T04:45,https://www.jma.go.jp/jp/warn/308_table.html
30805,JP-02,青森県,津軽,東青津軽,外ヶ浜町,,,,,,,,,,,,,,,,,,,,,,,,2021-02-19T04:45,https://www.jma.go.jp/jp/warn/308_table.html
30806,JP-02,青森県,津軽,北五津軽,五所川原市,,,,,,,,,,,,,1,,,,,,,,,,,2021-02-19T04:45,https://www.jma.go.jp/jp/warn/308_table.html
30807,JP-02,青森県,津軽,北五津軽,板柳町,,,,,,,,,,,,,,,,,,,,,,,,2021-02-19T04:45,https://www.jma.go.jp/jp/warn/308_table.html
30808,JP-02,青森県,津軽,北五津軽,鶴田町,,,,,,,,,,,,,,,,,,,,,,,,2021-02-19T04:45,https://www.jma.go.jp/jp/warn/308_table.html
30809,JP-02,青森県,津軽,北五津軽,中泊町,,,,,,,,,,,,,1,,,,,,,,,,,2021-02-19T04:45,https://www.jma.go.jp/jp/warn/308_table.html
30810,JP-02,青森県,津軽,西津軽,つがる市,,,,,,,,,,,,,1,,,,,,,,,,,2021-02-19T04:45,https://www.jma.go.jp/jp/warn/308_table.html
30811,JP-02,青森県,津軽,西津軽,鰺ヶ沢町,,,,,,,,,,,,,1,,,,,,,,,,,2021-02-19T04:45,https://www.jma.go.jp/jp/warn/308_table.html
30812,JP-02,青森県,津軽,西津軽,深浦町,,,,,,,,,,,,,1,,,,,,,,,,,2021-02-19T04:45,https://www.jma.go.jp/jp/warn/308_table.html
30813,JP-02,青森県,津軽,中南津軽,弘前市,,,,,,,,,,,,,,,,,,,,,,,,2021-02-19T04:45,https://www.jma.go.jp/jp/warn/308_table.html
30814,JP-02,青森県,津軽,中南津軽,黒石市,,,,,,,,,,,,,,,,,,,,,,,,2021-02-19T04:45,https://www.jma.go.jp/jp/warn/308_table.html
30815,JP-02,青森県,津軽,中南津軽,平川市,,,,,,,,,,,,,,,,,,,,,,,,2021-02-19T04:45,https://www.jma.go.jp/jp/warn/308_table.html
30816,JP-02,青森県,津軽,中南津軽,西目屋村,,,,,,,,,,,,,,,,,,,,,,,,2021-02-19T04:45,https://www.jma.go.jp/jp/warn/308_table.html
30817,JP-02,青森県,津軽,中南津軽,藤崎町,,,,,,,,,,,,,,,,,,,,,,,,2021-02-19T04:45,https://www.jma.go.jp/jp/warn/308_table.html
30818,JP-02,青森県,津軽,中南津軽,大鰐町,,,,,,,,,,,,,,,,,,,,,,,,2021-02-19T04:45,https://www.jma.go.jp/jp/warn/308_table.html
30819,JP-02,青森県,津軽,中南津軽,田舎館村,,,,,,,,,,,,,,,,,,,,,,,,2021-02-19T04:45,https://www.jma.go.jp/jp/warn/308_table.html
30820,JP-02,青森県,下北,下北,むつ市,,,,,,,,,,,,,,,,,,,,,,,,2021-02-19T04:45,https://www.jma.go.jp/jp/warn/308_table.html
30821,JP-02,青森県,下北,下北,大間町,,,,,,,,,,,,,,,,,,,,,,,,2021-02-19T04:45,https://www.jma.go.jp/jp/warn/308_table.html
30822,JP-02,青森県,下北,下北,東通村,,,,,,,,,,,,,,,,,,,,,,,,2021-02-19T04:45,https://www.jma.go.jp/jp/warn/308_table.html
30823,JP-02,青森県,下北,下北,風間浦村,,,,,,,,,,,,,,,,,,,,,,,,2021-02-19T04:45,https://www.jma.go.jp/jp/warn/308_table.html
30824,JP-02,青森県,下北,下北,佐井村,,,,,,,,,,,,,,,,,,,,,,,,2021-02-19T04:45,https://www.jma.go.jp/jp/warn/308_table.html
30825,JP-02,青森県,三八上北,三八,八戸市,,,,,,,,,,,,,,,,,,,,,,,,2021-02-19T04:45,https://www.jma.go.jp/jp/warn/308_table.html
30826,JP-02,青森県,三八上北,三八,三沢市,,,,,,,,,,,,,,,,,,,,,,,,2021-02-19T04:45,https://www.jma.go.jp/jp/warn/308_table.html
30827,JP-02,青森県,三八上北,三八,六戸町,,,,,,,,,,,,,,,,,,,,,,,,2021-02-19T04:45,https://www.jma.go.jp/jp/warn/308_table.html
30828,JP-02,青森県,三八上北,三八,おいらせ町,,,,,,,,,,,,,,,,,,,,,,,,2021-02-19T04:45,https://www.jma.go.jp/jp/warn/308_table.html
30829,JP-02,青森県,三八上北,三八,三戸町,,,,,,,,,,,,,,,,,,,,,,,,2021-02-19T04:45,https://www.jma.go.jp/jp/warn/308_table.html
30830,JP-02,青森県,三八上北,三八,五戸町,,,,,,,,,,,,,,,,,,,,,,,,2021-02-19T04:45,https://www.jma.go.jp/jp/warn/308_table.html
30831,JP-02,青森県,三八上北,三八,田子町,,,,,,,,,,,,,,,,,,,,,,,,2021-02-19T04:45,https://www.jma.go.jp/jp/warn/308_table.html
30832,JP-02,青森県,三八上北,三八,南部町,,,,,,,,,,,,,,,,,,,,,,,,2021-02-19T04:45,https://www.jma.go.jp/jp/warn/308_table.html
30833,JP-02,青森県,三八上北,三八,階上町,,,,,,,,,,,,,,,,,,,,,,,,2021-02-19T04:45,https://www.jma.go.jp/jp/warn/308_table.html
30834,JP-02,青森県,三八上北,三八,新郷村,,,,,,,,,,,,,,,,,,,,,,,,2021-02-19T04:45,https://www.jma.go.jp/jp/warn/308_table.html
30835,JP-02,青森県,三八上北,上北,十和田市,,,,,,,,,,,,,,,,,,,,,,,,2021-02-19T04:45,https://www.jma.go.jp/jp/warn/308_table.html
30836,JP-02,青森県,三八上北,上北,野辺地町,,,,,,,,,,,,,,,,,,,,,,,,2021-02-19T04:45,https://www.jma.go.jp/jp/warn/308_table.html
30837,JP-02,青森県,三八上北,上北,七戸町,,,,,,,,,,,,,,,,,,,,,,,,2021-02-19T04:45,https://www.jma.go.jp/jp/warn/308_table.html
30838,JP-02,青森県,三八上北,上北,横浜町,,,,,,,,,,,,,,,,,,,,,,,,2021-02-19T04:45,https://www.jma.go.jp/jp/warn/308_table.html
30839,JP-02,青森県,三八上北,上北,東北町,,,,,,,,,,,,,,,,,,,,,,,,2021-02-19T04:45,https://www.jma.go.jp/jp/warn/308_table.html
30840,JP-02,青森県,三八上北,上北,六ヶ所村,,,,,,,,,,,,,,,,,,,,,,,,2021-02-19T04:45,https://www.jma.go.jp/jp/warn/308_table.html
30901,JP-05,秋田県,沿岸,秋田中央地域,秋田市,,,,,,,,,,,1,,1,,,,,,,,,,,2021-02-19T04:30,https://www.jma.go.jp/jp/warn/309_table.html
30902,JP-05,秋田県,沿岸,秋田中央地域,男鹿市,,,,,,,,,,,1,,1,,,,,,,,,,,2021-02-19T04:30,https://www.jma.go.jp/jp/warn/309_table.html
30903,JP-05,秋田県,沿岸,秋田中央地域,潟上市,,,,,,,,,,,1,,1,,,,,,,,,,,2021-02-19T04:30,https://www.jma.go.jp/jp/warn/309_table.html
30904,JP-05,秋田県,沿岸,秋田中央地域,五城目町,,,,,,,,,,,1,,,,,,,,,,,,,2021-02-19T04:30,https://www.jma.go.jp/jp/warn/309_table.html
30905,JP-05,秋田県,沿岸,秋田中央地域,八郎潟町,,,,,,,,,,,1,,,,,,,,,,,,,2021-02-19T04:30,https://www.jma.go.jp/jp/warn/309_table.html
30906,JP-05,秋田県,沿岸,秋田中央地域,井川町,,,,,,,,,,,1,,,,,,,,,,,,,2021-02-19T04:30,https://www.jma.go.jp/jp/warn/309_table.html
30907,JP-05,秋田県,沿岸,秋田中央地域,大潟村,,,,,,,,,,,1,,,,,,,,,,,,,2021-02-19T04:30,https://www.jma.go.jp/jp/warn/309_table.html
30908,JP-05,秋田県,沿岸,能代山本地域,能代市,,,,,,,,,,,1,,1,,,,,,,,,,,2021-02-19T04:30,https://www.jma.go.jp/jp/warn/309_table.html
30909,JP-05,秋田県,沿岸,能代山本地域,藤里町,,,,,,,,,,,1,,,,,,,,,,,,,2021-02-19T04:30,https://www.jma.go.jp/jp/warn/309_table.html
30910,JP-05,秋田県,沿岸,能代山本地域,三種町,,,,,,,,,,,1,,1,,,,,,,,,,,2021-02-19T04:30,https://www.jma.go.jp/jp/warn/309_table.html
30911,JP-05,秋田県,沿岸,能代山本地域,八峰町,,,,,,,,,,,1,,1,,,,,,,,,,,2021-02-19T04:30,https://www.jma.go.jp/jp/warn/309_table.html
30912,JP-05,秋田県,沿岸,本荘由利地域,由利本荘市,,,,,,,,,,,1,,1,,,,,,,,,,,2021-02-19T04:30,https://www.jma.go.jp/jp/warn/309_table.html
30913,JP-05,秋田県,沿岸,本荘由利地域,にかほ市,,,,,,,,,,,1,,1,,,,,,,,,,,2021-02-19T04:30,https://www.jma.go.jp/jp/warn/309_table.html
30914,JP-05,秋田県,内陸,北秋鹿角地域,大館市,,,,,,,,,,,,,,,,,,,,,,,,2021-02-19T04:30,https://www.jma.go.jp/jp/warn/309_table.html
30915,JP-05,秋田県,内陸,北秋鹿角地域,鹿角市,,,,,,,,,,,,,,,,,,,,,,,,2021-02-19T04:30,https://www.jma.go.jp/jp/warn/309_table.html
30916,JP-05,秋田県,内陸,北秋鹿角地域,北秋田市,,,,,,,,,,,,,,,,,,,,,,,,2021-02-19T04:30,https://www.jma.go.jp/jp/warn/309_table.html
30917,JP-05,秋田県,内陸,北秋鹿角地域,小坂町,,,,,,,,,,,,,,,,,,,,,,,,2021-02-19T04:30,https://www.jma.go.jp/jp/warn/309_table.html
30918,JP-05,秋田県,内陸,北秋鹿角地域,上小阿仁村,,,,,,,,,,,,,,,,,,,,,,,,2021-02-19T04:30,https://www.jma.go.jp/jp/warn/309_table.html
30919,JP-05,秋田県,内陸,仙北平鹿地域,横手市,,,,,,,,,,,,,,,,,,,,,,,,2021-02-19T04:30,https://www.jma.go.jp/jp/warn/309_table.html
30920,JP-05,秋田県,内陸,仙北平鹿地域,大仙市,,,,,,,,,,,,,,,,,,,,,,,,2021-02-19T04:30,https://www.jma.go.jp/jp/warn/309_table.html
30921,JP-05,秋田県,内陸,仙北平鹿地域,仙北市,,,,,,,,,,,,,,,,,,,,,,,,2021-02-19T04:30,https://www.jma.go.jp/jp/warn/309_table.html
30922,JP-05,秋田県,内陸,仙北平鹿地域,美郷町,,,,,,,,,,,,,,,,,,,,,,,,2021-02-19T04:30,https://www.jma.go.jp/jp/warn/309_table.html
30923,JP-05,秋田県,内陸,湯沢雄勝地域,湯沢市,,,,,,,,,,,,,,,,,,,,,,,,2021-02-19T04:30,https://www.jma.go.jp/jp/warn/309_table.html
30924,JP-05,秋田県,内陸,湯沢雄勝地域,羽後町,,,,,,,,,,,,,,,,,,,,,,,,2021-02-19T04:30,https://www.jma.go.jp/jp/warn/309_table.html
30925,JP-05,秋田県,内陸,湯沢雄勝地域,東成瀬村,,,,,,,,,,,,,,,,,,,,,,,,2021-02-19T04:30,https://www.jma.go.jp/jp/warn/309_table.html
31001,JP-03,岩手県,内陸,盛岡地域,盛岡市,,,,,,,,,,,,,,,,,,,,,,,,2021-02-19T04:16,https://www.jma.go.jp/jp/warn/310_table.html
31002,JP-03,岩手県,内陸,盛岡地域,八幡平市,,,,,,,,,,,,,,,,,,,,,,,,2021-02-19T04:16,https://www.jma.go.jp/jp/warn/310_table.html
31003,JP-03,岩手県,内陸,盛岡地域,滝沢市,,,,,,,,,,,,,,,,,,,,,,,,2021-02-19T04:16,https://www.jma.go.jp/jp/warn/310_table.html
31004,JP-03,岩手県,内陸,盛岡地域,雫石町,,,,,,,,,,,,,,,,,,,,,,,,2021-02-19T04:16,https://www.jma.go.jp/jp/warn/310_table.html
31005,JP-03,岩手県,内陸,盛岡地域,葛巻町,,,,,,,,,,,,,,,,,,,,,,,,2021-02-19T04:16,https://www.jma.go.jp/jp/warn/310_table.html
31006,JP-03,岩手県,内陸,盛岡地域,岩手町,,,,,,,,,,,,,,,,,,,,,,,,2021-02-19T04:16,https://www.jma.go.jp/jp/warn/310_table.html
31007,JP-03,岩手県,内陸,盛岡地域,紫波町,,,,,,,,,,,,,,,,,,,,,,,,2021-02-19T04:16,https://www.jma.go.jp/jp/warn/310_table.html
31008,JP-03,岩手県,内陸,盛岡地域,矢巾町,,,,,,,,,,,,,,,,,,,,,,,,2021-02-19T04:16,https://www.jma.go.jp/jp/warn/310_table.html
31009,JP-03,岩手県,内陸,二戸地域,二戸市,,,,,,,,,,,,,,,,,,,,,,,,2021-02-19T04:16,https://www.jma.go.jp/jp/warn/310_table.html
31010,JP-03,岩手県,内陸,二戸地域,軽米町,,,,,,,,,,,,,,,,,,,,,,,,2021-02-19T04:16,https://www.jma.go.jp/jp/warn/310_table.html
31011,JP-03,岩手県,内陸,二戸地域,九戸村,,,,,,,,,,,,,,,,,,,,,,,,2021-02-19T04:16,https://www.jma.go.jp/jp/warn/310_table.html
31012,JP-03,岩手県,内陸,二戸地域,一戸町,,,,,,,,,,,,,,,,,,,,,,,,2021-02-19T04:16,https://www.jma.go.jp/jp/warn/310_table.html
31013,JP-03,岩手県,内陸,花北地域,花巻市,,,,,,,,,,,,,,,,,,,,,,,,2021-02-19T04:16,https://www.jma.go.jp/jp/warn/310_table.html
31014,JP-03,岩手県,内陸,花北地域,北上市,,,,,,,,,,,,,,,,,,,,,,,,2021-02-19T04:16,https://www.jma.go.jp/jp/warn/310_table.html
31015,JP-03,岩手県,内陸,花北地域,西和賀町,,,,,,,,,,,,,,,,,,,,,,,,2021-02-19T04:16,https://www.jma.go.jp/jp/warn/310_table.html
31016,JP-03,岩手県,内陸,遠野地域,遠野市,,,,,,,,,,,,,,,,,,,,,,,,2021-02-19T04:16,https://www.jma.go.jp/jp/warn/310_table.html
31017,JP-03,岩手県,内陸,奥州金ケ崎地域,奥州市,,,,,,,,,,,,,,,,,,,,,,,,2021-02-19T04:16,https://www.jma.go.jp/jp/warn/310_table.html
31018,JP-03,岩手県,内陸,奥州金ケ崎地域,金ケ崎町,,,,,,,,,,,,,,,,,,,,,,,,2021-02-19T04:16,https://www.jma.go.jp/jp/warn/310_table.html
31019,JP-03,岩手県,内陸,両磐地域,一関市,,,,,,,,,,,,,,,,,,,,,,,,2021-02-19T04:16,https://www.jma.go.jp/jp/warn/310_table.html
31020,JP-03,岩手県,内陸,両磐地域,平泉町,,,,,,,,,,,,,,,,,,,,,,,,2021-02-19T04:16,https://www.jma.go.jp/jp/warn/310_table.html
31021,JP-03,岩手県,沿岸北部,久慈地域,久慈市,,,,,,,,,,,,,,,,,,1,,,,,,2021-02-19T04:16,https://www.jma.go.jp/jp/warn/310_table.html
31022,JP-03,岩手県,沿岸北部,久慈地域,普代村,,,,,,,,,,,,,,,,,,1,,,,,,2021-02-19T04:16,https://www.jma.go.jp/jp/warn/310_table.html
31023,JP-03,岩手県,沿岸北部,久慈地域,野田村,,,,,,,,,,,,,,,,,,1,,,,,,2021-02-19T04:16,https://www.jma.go.jp/jp/warn/310_table.html
31024,JP-03,岩手県,沿岸北部,久慈地域,洋野町,,,,,,,,,,,,,,,,,,1,,,,,,2021-02-19T04:16,https://www.jma.go.jp/jp/warn/310_table.html
31025,JP-03,岩手県,沿岸北部,宮古地域,宮古市,,,,,,,,,,,,,,,,,,1,,,,,,2021-02-19T04:16,https://www.jma.go.jp/jp/warn/310_table.html
31026,JP-03,岩手県,沿岸北部,宮古地域,山田町,,,,,,,,,,,,,,,,,,1,,,,,,2021-02-19T04:16,https://www.jma.go.jp/jp/warn/310_table.html
31027,JP-03,岩手県,沿岸北部,宮古地域,岩泉町,,,,,,,,,,,,,,,,,,1,,,,,,2021-02-19T04:16,https://www.jma.go.jp/jp/warn/310_table.html
31028,JP-03,岩手県,沿岸北部,宮古地域,田野畑村,,,,,,,,,,,,,,,,,,1,,,,,,2021-02-19T04:16,https://www.jma.go.jp/jp/warn/310_table.html
31029,JP-03,岩手県,沿岸南部,釜石地域,釜石市,,,,,,,,,,,,,,,,,,,,,,,,2021-02-19T04:16,https://www.jma.go.jp/jp/warn/310_table.html
31030,JP-03,岩手県,沿岸南部,釜石地域,大槌町,,,,,,,,,,,,,,,,,,,,,,,,2021-02-19T04:16,https://www.jma.go.jp/jp/warn/310_table.html
31031,JP-03,岩手県,沿岸南部,大船渡地域,大船渡市,,,,,,,,,,,,,,,,,,,,,,,,2021-02-19T04:16,https://www.jma.go.jp/jp/warn/310_table.html
31032,JP-03,岩手県,沿岸南部,大船渡地域,陸前高田市,,,,,,,,,,,,,,,,,,,,,,,,2021-02-19T04:16,https://www.jma.go.jp/jp/warn/310_table.html
31033,JP-03,岩手県,沿岸南部,大船渡地域,住田町,,,,,,,,,,,,,,,,,,,,,,,,2021-02-19T04:16,https://www.jma.go.jp/jp/warn/310_table.html
31101,JP-06,山形県,村山,東南村山,山形市,,,,,,,,,,,,,,,,,,,,,,,,2021-02-19T04:23,https://www.jma.go.jp/jp/warn/311_table.html
31102,JP-06,山形県,村山,東南村山,上山市,,,,,,,,,,,,,,,,,,,,,,,,2021-02-19T04:23,https://www.jma.go.jp/jp/warn/311_table.html
31103,JP-06,山形県,村山,東南村山,天童市,,,,,,,,,,,,,,,,,,,,,,,,2021-02-19T04:23,https://www.jma.go.jp/jp/warn/311_table.html
31104,JP-06,山形県,村山,東南村山,山辺町,,,,,,,,,,,,,,,,,,,,,,,,2021-02-19T04:23,https://www.jma.go.jp/jp/warn/311_table.html
31105,JP-06,山形県,村山,東南村山,中山町,,,,,,,,,,,,,,,,,,,,,,,,2021-02-19T04:23,https://www.jma.go.jp/jp/warn/311_table.html
31106,JP-06,山形県,村山,北村山,村山市,,,,,,,,,,,,,,,,,,,,,,,,2021-02-19T04:23,https://www.jma.go.jp/jp/warn/311_table.html
31107,JP-06,山形県,村山,北村山,東根市,,,,,,,,,,,,,,,,,,,,,,,,2021-02-19T04:23,https://www.jma.go.jp/jp/warn/311_table.html
31108,JP-06,山形県,村山,北村山,尾花沢市,,,,,,,,,,,,,,,,,,,,,,,,2021-02-19T04:23,https://www.jma.go.jp/jp/warn/311_table.html
31109,JP-06,山形県,村山,北村山,大石田町,,,,,,,,,,,,,,,,,,,,,,,,2021-02-19T04:23,https://www.jma.go.jp/jp/warn/311_table.html
31110,JP-06,山形県,村山,西村山,寒河江市,,,,,,,,,,,,,,,,,,,,,,,,2021-02-19T04:23,https://www.jma.go.jp/jp/warn/311_table.html
31111,JP-06,山形県,村山,西村山,河北町,,,,,,,,,,,,,,,,,,,,,,,,2021-02-19T04:23,https://www.jma.go.jp/jp/warn/311_table.html
31112,JP-06,山形県,村山,西村山,西川町,,,,,,,,,,,,,,,,,,,,,,,,2021-02-19T04:23,https://www.jma.go.jp/jp/warn/311_table.html
31113,JP-06,山形県,村山,西村山,朝日町,,,,,,,,,,,,,,,,,,,,,,,,2021-02-19T04:23,https://www.jma.go.jp/jp/warn/311_table.html
31114,JP-06,山形県,村山,西村山,大江町,,,,,,,,,,,,,,,,,,,,,,,,2021-02-19T04:23,https://www.jma.go.jp/jp/warn/311_table.html
31115,JP-06,山形県,置賜,東南置賜,米沢市,,,,,,,,,,,,,,,,,,,,,,,,2021-02-19T04:23,https://www.jma.go.jp/jp/warn/311_table.html
31116,JP-06,山形県,置賜,東南置賜,南陽市,,,,,,,,,,,,,,,,,,,,,,,,2021-02-19T04:23,https://www.jma.go.jp/jp/warn/311_table.html
31117,JP-06,山形県,置賜,東南置賜,高畠町,,,,,,,,,,,,,,,,,,,,,,,,2021-02-19T04:23,https://www.jma.go.jp/jp/warn/311_table.html
31118,JP-06,山形県,置賜,東南置賜,川西町,,,,,,,,,,,,,,,,,,,,,,,,2021-02-19T04:23,https://www.jma.go.jp/jp/warn/311_table.html
31119,JP-06,山形県,置賜,西置賜,長井市,,,,,,,,,,,,,,,,,,,,,,,,2021-02-19T04:23,https://www.jma.go.jp/jp/warn/311_table.html
31120,JP-06,山形県,置賜,西置賜,小国町,,,,,,,,,,,,,,,,,,,,,,,,2021-02-19T04:23,https://www.jma.go.jp/jp/warn/311_table.html
31121,JP-06,山形県,置賜,西置賜,白鷹町,,,,,,,,,,,,,,,,,,,,,,,,2021-02-19T04:23,https://www.jma.go.jp/jp/warn/311_table.html
31122,JP-06,山形県,置賜,西置賜,飯豊町,,,,,,,,,,,,,,,,,,,,,,,,2021-02-19T04:23,https://www.jma.go.jp/jp/warn/311_table.html
31123,JP-06,山形県,庄内,庄内北部,酒田市,,,,,,,,,,,1,,1,,,,,,,,,,,2021-02-19T04:23,https://www.jma.go.jp/jp/warn/311_table.html
31124,JP-06,山形県,庄内,庄内北部,遊佐町,,,,,,,,,,,1,,1,,,,,,,,,,,2021-02-19T04:23,https://www.jma.go.jp/jp/warn/311_table.html
31125,JP-06,山形県,庄内,庄内南部,鶴岡市,,,,,,,,,,,1,,1,,,,,,,,,,,2021-02-19T04:23,https://www.jma.go.jp/jp/warn/311_table.html
31126,JP-06,山形県,庄内,庄内南部,三川町,,,,,,,,,,,,,,,,,,,,,,,,2021-02-19T04:23,https://www.jma.go.jp/jp/warn/311_table.html
31127,JP-06,山形県,庄内,庄内南部,庄内町,,,,,,,,,,,,,,,,,,,,,,,,2021-02-19T04:23,https://www.jma.go.jp/jp/warn/311_table.html
31128,JP-06,山形県,最上,最上,新庄市,,,,,,,,,,,,,,,,,,,,,,,,2021-02-19T04:23,https://www.jma.go.jp/jp/warn/311_table.html
31129,JP-06,山形県,最上,最上,金山町,,,,,,,,,,,,,,,,,,,,,,,,2021-02-19T04:23,https://www.jma.go.jp/jp/warn/311_table.html
31130,JP-06,山形県,最上,最上,最上町,,,,,,,,,,,,,,,,,,,,,,,,2021-02-19T04:23,https://www.jma.go.jp/jp/warn/311_table.html
31131,JP-06,山形県,最上,最上,舟形町,,,,,,,,,,,,,,,,,,,,,,,,2021-02-19T04:23,https://www.jma.go.jp/jp/warn/311_table.html
31132,JP-06,山形県,最上,最上,真室川町,,,,,,,,,,,,,,,,,,,,,,,,2021-02-19T04:23,https://www.jma.go.jp/jp/warn/311_table.html
31133,JP-06,山形県,最上,最上,大蔵村,,,,,,,,,,,,,,,,,,,,,,,,2021-02-19T04:23,https://www.jma.go.jp/jp/warn/311_table.html
31134,JP-06,山形県,最上,最上,鮭川村,,,,,,,,,,,,,,,,,,,,,,,,2021-02-19T04:23,https://www.jma.go.jp/jp/warn/311_table.html
31135,JP-06,山形県,最上,最上,戸沢村,,,,,,,,,,,,,,,,,,,,,,,,2021-02-19T04:23,https://www.jma.go.jp/jp/warn/311_table.html
31201,JP-04,宮城県,東部,東部仙台,仙台市東部,,,,,,,,,,,,,,,,,,,,,,,,2021-02-18T16:05,https://www.jma.go.jp/jp/warn/312_table.html
31202,JP-04,宮城県,東部,東部仙台,塩竈市,,,,,,,,,,,,,,,,,,,,,,,,2021-02-18T16:05,https://www.jma.go.jp/jp/warn/312_table.html
31203,JP-04,宮城県,東部,東部仙台,名取市,,,,,,,,,,,,,,,,,,,,,,,,2021-02-18T16:05,https://www.jma.go.jp/jp/warn/312_table.html
31204,JP-04,宮城県,東部,東部仙台,多賀城市,,,,,,,,,,,,,,,,,,,,,,,,2021-02-18T16:05,https://www.jma.go.jp/jp/warn/312_table.html
31205,JP-04,宮城県,東部,東部仙台,岩沼市,,,,,,,,,,,,,,,,,,,,,,,,2021-02-18T16:05,https://www.jma.go.jp/jp/warn/312_table.html
31206,JP-04,宮城県,東部,東部仙台,富谷市,,,,,,,,,,,,,,,,,,,,,,,,2021-02-18T16:05,https://www.jma.go.jp/jp/warn/312_table.html
31207,JP-04,宮城県,東部,東部仙台,亘理町,,,,,,,,,,,,,,,,,,,,,,,,2021-02-18T16:05,https://www.jma.go.jp/jp/warn/312_table.html
31208,JP-04,宮城県,東部,東部仙台,山元町,,,,,,,,,,,,,,,,,,,,,,,,2021-02-18T16:05,https://www.jma.go.jp/jp/warn/312_table.html
31209,JP-04,宮城県,東部,東部仙台,松島町,,,,,,,,,,,,,,,,,,,,,,,,2021-02-18T16:05,https://www.jma.go.jp/jp/warn/312_table.html
31210,JP-04,宮城県,東部,東部仙台,七ヶ浜町,,,,,,,,,,,,,,,,,,,,,,,,2021-02-18T16:05,https://www.jma.go.jp/jp/warn/312_table.html
31211,JP-04,宮城県,東部,東部仙台,利府町,,,,,,,,,,,,,,,,,,,,,,,,2021-02-18T16:05,https://www.jma.go.jp/jp/warn/312_table.html
31212,JP-04,宮城県,東部,東部仙台,大和町東部,,,,,,,,,,,,,,,,,,,,,,,,2021-02-18T16:05,https://www.jma.go.jp/jp/warn/312_table.html
31213,JP-04,宮城県,東部,東部仙台,大郷町,,,,,,,,,,,,,,,,,,,,,,,,2021-02-18T16:05,https://www.jma.go.jp/jp/warn/312_table.html
31214,JP-04,宮城県,東部,石巻地域,石巻市,,,,,,,,,,,,,,,,,,,,,,,,2021-02-18T16:05,https://www.jma.go.jp/jp/warn/312_table.html
31215,JP-04,宮城県,東部,石巻地域,東松島市,,,,,,,,,,,,,,,,,,,,,,,,2021-02-18T16:05,https://www.jma.go.jp/jp/warn/312_table.html
31216,JP-04,宮城県,東部,石巻地域,女川町,,,,,,,,,,,,,,,,,,,,,,,,2021-02-18T16:05,https://www.jma.go.jp/jp/warn/312_table.html
31217,JP-04,宮城県,東部,東部大崎,大崎市東部,,,,,,,,,,,,,,,,,,,,,,,,2021-02-18T16:05,https://www.jma.go.jp/jp/warn/312_table.html
31218,JP-04,宮城県,東部,東部大崎,涌谷町,,,,,,,,,,,,,,,,,,,,,,,,2021-02-18T16:05,https://www.jma.go.jp/jp/warn/312_table.html
31219,JP-04,宮城県,東部,東部大崎,美里町,,,,,,,,,,,,,,,,,,,,,,,,2021-02-18T16:05,https://www.jma.go.jp/jp/warn/312_table.html
31220,JP-04,宮城県,東部,気仙沼地域,気仙沼市,,,,,,,,,,,,,,,,,,,,,,,,2021-02-18T16:05,https://www.jma.go.jp/jp/warn/312_table.html
31221,JP-04,宮城県,東部,気仙沼地域,南三陸町,,,,,,,,,,,,,,,,,,,,,,,,2021-02-18T16:05,https://www.jma.go.jp/jp/warn/312_table.html
31222,JP-04,宮城県,東部,東部仙南,角田市,,,,,,,,,,,,,,,,,,,,,,,,2021-02-18T16:05,https://www.jma.go.jp/jp/warn/312_table.html
31223,JP-04,宮城県,東部,東部仙南,大河原町,,,,,,,,,,,,,,,,,,,,,,,,2021-02-18T16:05,https://www.jma.go.jp/jp/warn/312_table.html
31224,JP-04,宮城県,東部,東部仙南,村田町,,,,,,,,,,,,,,,,,,,,,,,,2021-02-18T16:05,https://www.jma.go.jp/jp/warn/312_table.html
31225,JP-04,宮城県,東部,東部仙南,柴田町,,,,,,,,,,,,,,,,,,,,,,,,2021-02-18T16:05,https://www.jma.go.jp/jp/warn/312_table.html
31226,JP-04,宮城県,東部,東部仙南,丸森町,,,,,,,,,,,,,,,,,,,,,,,,2021-02-18T16:05,https://www.jma.go.jp/jp/warn/312_table.html
31227,JP-04,宮城県,東部,登米・東部栗原,登米市,,,,,,,,,,,,,,,,,,,,,,,,2021-02-18T16:05,https://www.jma.go.jp/jp/warn/312_table.html
31228,JP-04,宮城県,東部,登米・東部栗原,栗原市東部,,,,,,,,,,,,,,,,,,,,,,,,2021-02-18T16:05,https://www.jma.go.jp/jp/warn/312_table.html
31229,JP-04,宮城県,西部,西部仙台,仙台市西部,,,,,,,,,,,,,,,,,,,,,,,,2021-02-18T16:05,https://www.jma.go.jp/jp/warn/312_table.html
31230,JP-04,宮城県,西部,西部仙台,大和町西部,,,,,,,,,,,,,,,,,,,,,,,,2021-02-18T16:05,https://www.jma.go.jp/jp/warn/312_table.html
31231,JP-04,宮城県,西部,西部仙台,大衡村,,,,,,,,,,,,,,,,,,,,,,,,2021-02-18T16:05,https://www.jma.go.jp/jp/warn/312_table.html
31232,JP-04,宮城県,西部,西部仙南,白石市,,,,,,,,,,,,,,,,,,,,,,,,2021-02-18T16:05,https://www.jma.go.jp/jp/warn/312_table.html
31233,JP-04,宮城県,西部,西部仙南,蔵王町,,,,,,,,,,,,,,,,,,,,,,,,2021-02-18T16:05,https://www.jma.go.jp/jp/warn/312_table.html
31234,JP-04,宮城県,西部,西部仙南,七ヶ宿町,,,,,,,,,,,,,,,,,,,,,,,,2021-02-18T16:05,https://www.jma.go.jp/jp/warn/312_table.html
31235,JP-04,宮城県,西部,西部仙南,川崎町,,,,,,,,,,,,,,,,,,,,,,,,2021-02-18T16:05,https://www.jma.go.jp/jp/warn/312_table.html
31236,JP-04,宮城県,西部,西部大崎,大崎市西部,,,,,,,,,,,,,,,,,,,,,,,,2021-02-18T16:05,https://www.jma.go.jp/jp/warn/312_table.html
31237,JP-04,宮城県,西部,西部大崎,色麻町,,,,,,,,,,,,,,,,,,,,,,,,2021-02-18T16:05,https://www.jma.go.jp/jp/warn/312_table.html
31238,JP-04,宮城県,西部,西部大崎,加美町,,,,,,,,,,,,,,,,,,,,,,,,2021-02-18T16:05,https://www.jma.go.jp/jp/warn/312_table.html
31239,JP-04,宮城県,西部,西部栗原,栗原市西部,,,,,,,,,,,,,,,,,,,,,,,,2021-02-18T16:05,https://www.jma.go.jp/jp/warn/312_table.html
31301,JP-07,福島県,中通り,中通り北部,福島市,,,,,,,,,,,,,,,,,,,,,,,,2021-02-19T04:10,https://www.jma.go.jp/jp/warn/313_table.html
31302,JP-07,福島県,中通り,中通り北部,伊達市,,,,,,,,,,,,,,,,,,,,,,,,2021-02-19T04:10,https://www.jma.go.jp/jp/warn/313_table.html
31303,JP-07,福島県,中通り,中通り北部,桑折町,,,,,,,,,,,,,,,,,,,,,,,,2021-02-19T04:10,https://www.jma.go.jp/jp/warn/313_table.html
31304,JP-07,福島県,中通り,中通り北部,国見町,,,,,,,,,,,,,,,,,,,,,,,,2021-02-19T04:10,https://www.jma.go.jp/jp/warn/313_table.html
31305,JP-07,福島県,中通り,中通り北部,川俣町,,,,,,,,,,,,,,,,,,,,,,,,2021-02-19T04:10,https://www.jma.go.jp/jp/warn/313_table.html
31306,JP-07,福島県,中通り,中通り中部,郡山市,,,,,,,,,,,,,,,,,,,,,,,,2021-02-19T04:10,https://www.jma.go.jp/jp/warn/313_table.html
31307,JP-07,福島県,中通り,中通り中部,須賀川市,,,,,,,,,,,,,,,,,,,,,,,,2021-02-19T04:10,https://www.jma.go.jp/jp/warn/313_table.html
31308,JP-07,福島県,中通り,中通り中部,二本松市,,,,,,,,,,,,,,,,,,,,,,,,2021-02-19T04:10,https://www.jma.go.jp/jp/warn/313_table.html
31309,JP-07,福島県,中通り,中通り中部,田村市,,,,,,,,,,,,,,,,,,,,,,,,2021-02-19T04:10,https://www.jma.go.jp/jp/warn/313_table.html
31310,JP-07,福島県,中通り,中通り中部,本宮市,,,,,,,,,,,,,,,,,,,,,,,,2021-02-19T04:10,https://www.jma.go.jp/jp/warn/313_table.html
31311,JP-07,福島県,中通り,中通り中部,大玉村,,,,,,,,,,,,,,,,,,,,,,,,2021-02-19T04:10,https://www.jma.go.jp/jp/warn/313_table.html
31312,JP-07,福島県,中通り,中通り中部,鏡石町,,,,,,,,,,,,,,,,,,,,,,,,2021-02-19T04:10,https://www.jma.go.jp/jp/warn/313_table.html
31313,JP-07,福島県,中通り,中通り中部,天栄村,,,,,,,,,,,,,,,,,,,,,,,,2021-02-19T04:10,https://www.jma.go.jp/jp/warn/313_table.html
31314,JP-07,福島県,中通り,中通り中部,三春町,,,,,,,,,,,,,,,,,,,,,,,,2021-02-19T04:10,https://www.jma.go.jp/jp/warn/313_table.html
31315,JP-07,福島県,中通り,中通り中部,小野町,,,,,,,,,,,,,,,,,,,,,,,,2021-02-19T04:10,https://www.jma.go.jp/jp/warn/313_table.html
31316,JP-07,福島県,中通り,中通り南部,白河市,,,,,,,,,,,,,,,,,,,,,,,,2021-02-19T04:10,https://www.jma.go.jp/jp/warn/313_table.html
31317,JP-07,福島県,中通り,中通り南部,西郷村,,,,,,,,,,,,,,,,,,,,,,,,2021-02-19T04:10,https://www.jma.go.jp/jp/warn/313_table.html
31318,JP-07,福島県,中通り,中通り南部,泉崎村,,,,,,,,,,,,,,,,,,,,,,,,2021-02-19T04:10,https://www.jma.go.jp/jp/warn/313_table.html
31319,JP-07,福島県,中通り,中通り南部,中島村,,,,,,,,,,,,,,,,,,,,,,,,2021-02-19T04:10,https://www.jma.go.jp/jp/warn/313_table.html
31320,JP-07,福島県,中通り,中通り南部,矢吹町,,,,,,,,,,,,,,,,,,,,,,,,2021-02-19T04:10,https://www.jma.go.jp/jp/warn/313_table.html
31321,JP-07,福島県,中通り,中通り南部,棚倉町,,,,,,,,,,,,,,,,,,,,,,,,2021-02-19T04:10,https://www.jma.go.jp/jp/warn/313_table.html
31322,JP-07,福島県,中通り,中通り南部,矢祭町,,,,,,,,,,,,,,,,,,,,,,,,2021-02-19T04:10,https://www.jma.go.jp/jp/warn/313_table.html
31323,JP-07,福島県,中通り,中通り南部,塙町,,,,,,,,,,,,,,,,,,,,,,,,2021-02-19T04:10,https://www.jma.go.jp/jp/warn/313_table.html
31324,JP-07,福島県,中通り,中通り南部,鮫川村,,,,,,,,,,,,,,,,,,,,,,,,2021-02-19T04:10,https://www.jma.go.jp/jp/warn/313_table.html
31325,JP-07,福島県,中通り,中通り南部,石川町,,,,,,,,,,,,,,,,,,,,,,,,2021-02-19T04:10,https://www.jma.go.jp/jp/warn/313_table.html
31326,JP-07,福島県,中通り,中通り南部,玉川村,,,,,,,,,,,,,,,,,,,,,,,,2021-02-19T04:10,https://www.jma.go.jp/jp/warn/313_table.html
31327,JP-07,福島県,中通り,中通り南部,平田村,,,,,,,,,,,,,,,,,,,,,,,,2021-02-19T04:10,https://www.jma.go.jp/jp/warn/313_table.html
31328,JP-07,福島県,中通り,中通り南部,浅川町,,,,,,,,,,,,,,,,,,,,,,,,2021-02-19T04:10,https://www.jma.go.jp/jp/warn/313_table.html
31329,JP-07,福島県,中通り,中通り南部,古殿町,,,,,,,,,,,,,,,,,,,,,,,,2021-02-19T04:10,https://www.jma.go.jp/jp/warn/313_table.html
31330,JP-07,福島県,浜通り,浜通り北部,相馬市,,,,,,,,,,,,,,,,,,1,,,,,,2021-02-19T04:10,https://www.jma.go.jp/jp/warn/313_table.html
31331,JP-07,福島県,浜通り,浜通り北部,南相馬市,,,,,,,,,,,,,,,,,,1,,,,,,2021-02-19T04:10,https://www.jma.go.jp/jp/warn/313_table.html
31332,JP-07,福島県,浜通り,浜通り北部,新地町,,,,,,,,,,,,,,,,,,1,,,,,,2021-02-19T04:10,https://www.jma.go.jp/jp/warn/313_table.html
31333,JP-07,福島県,浜通り,浜通り北部,飯舘村,,,,,,,,,,,,,,,,,,1,,,,,,2021-02-19T04:10,https://www.jma.go.jp/jp/warn/313_table.html
31334,JP-07,福島県,浜通り,浜通り中部,広野町,,,,,,,,,,,,,,,,,,1,,,,,,2021-02-19T04:10,https://www.jma.go.jp/jp/warn/313_table.html
31335,JP-07,福島県,浜通り,浜通り中部,楢葉町,,,,,,,,,,,,,,,,,,1,,,,,,2021-02-19T04:10,https://www.jma.go.jp/jp/warn/313_table.html
31336,JP-07,福島県,浜通り,浜通り中部,富岡町,,,,,,,,,,,,,,,,,,1,,,,,,2021-02-19T04:10,https://www.jma.go.jp/jp/warn/313_table.html
31337,JP-07,福島県,浜通り,浜通り中部,川内村,,,,,,,,,,,,,,,,,,1,,,,,,2021-02-19T04:10,https://www.jma.go.jp/jp/warn/313_table.html
31338,JP-07,福島県,浜通り,浜通り中部,大熊町,,,,,,,,,,,,,,,,,,1,,,,,,2021-02-19T04:10,https://www.jma.go.jp/jp/warn/313_table.html
31339,JP-07,福島県,浜通り,浜通り中部,双葉町,,,,,,,,,,,,,,,,,,1,,,,,,2021-02-19T04:10,https://www.jma.go.jp/jp/warn/313_table.html
31340,JP-07,福島県,浜通り,浜通り中部,浪江町,,,,,,,,,,,,,,,,,,1,,,,,,2021-02-19T04:10,https://www.jma.go.jp/jp/warn/313_table.html
31341,JP-07,福島県,浜通り,浜通り中部,葛尾村,,,,,,,,,,,,,,,,,,1,,,,,,2021-02-19T04:10,https://www.jma.go.jp/jp/warn/313_table.html
31342,JP-07,福島県,浜通り,浜通り南部,いわき市,,,,,,,,,,,,,,,,,,1,,,,,,2021-02-19T04:10,https://www.jma.go.jp/jp/warn/313_table.html
31343,JP-07,福島県,会津,会津北部,喜多方市,,,,,,,,,,,,,,,,,,,1,,,,,2021-02-19T04:10,https://www.jma.go.jp/jp/warn/313_table.html
31344,JP-07,福島県,会津,会津北部,北塩原村,,,,,,,,,,,,,,,,,,,,,,,,2021-02-19T04:10,https://www.jma.go.jp/jp/warn/313_table.html
31345,JP-07,福島県,会津,会津北部,西会津町,,,,,,,,,,,,,,,,,,,1,,,,,2021-02-19T04:10,https://www.jma.go.jp/jp/warn/313_table.html
31346,JP-07,福島県,会津,会津北部,磐梯町,,,,,,,,,,,,,,,,,,,,,,,,2021-02-19T04:10,https://www.jma.go.jp/jp/warn/313_table.html
31347,JP-07,福島県,会津,会津北部,猪苗代町,,,,,,,,,,,,,,,,,,,,,,,,2021-02-19T04:10,https://www.jma.go.jp/jp/warn/313_table.html
31348,JP-07,福島県,会津,会津中部,会津若松市,,,,,,,,,,,,,,,,,,,,,,,,2021-02-19T04:10,https://www.jma.go.jp/jp/warn/313_table.html
31349,JP-07,福島県,会津,会津中部,郡山市湖南,,,,,,,,,,,,,,,,,,,,,,,,2021-02-19T04:10,https://www.jma.go.jp/jp/warn/313_table.html
31350,JP-07,福島県,会津,会津中部,会津坂下町,,,,,,,,,,,,,,,,,,,,,,,,2021-02-19T04:10,https://www.jma.go.jp/jp/warn/313_table.html
31351,JP-07,福島県,会津,会津中部,湯川村,,,,,,,,,,,,,,,,,,,,,,,,2021-02-19T04:10,https://www.jma.go.jp/jp/warn/313_table.html
31352,JP-07,福島県,会津,会津中部,柳津町,,,,,,,,,,,,,,,,,,,1,,,,,2021-02-19T04:10,https://www.jma.go.jp/jp/warn/313_table.html
31353,JP-07,福島県,会津,会津中部,三島町,,,,,,,,,,,,,,,,,,,1,,,,,2021-02-19T04:10,https://www.jma.go.jp/jp/warn/313_table.html
31354,JP-07,福島県,会津,会津中部,金山町,,,,,,,,,,,,,,,,,,,1,,,,,2021-02-19T04:10,https://www.jma.go.jp/jp/warn/313_table.html
31355,JP-07,福島県,会津,会津中部,昭和村,,,,,,,,,,,,,,,,,,,1,,,,,2021-02-19T04:10,https://www.jma.go.jp/jp/warn/313_table.html
31356,JP-07,福島県,会津,会津中部,会津美里町,,,,,,,,,,,,,,,,,,,,,,,,2021-02-19T04:10,https://www.jma.go.jp/jp/warn/313_table.html
31357,JP-07,福島県,会津,会津南部,天栄村湯本,,,,,,,,,,,,,,,,,,,,,,,,2021-02-19T04:10,https://www.jma.go.jp/jp/warn/313_table.html
31358,JP-07,福島県,会津,会津南部,下郷町,,,,,,,,,,,,,,,,,,,,,,,,2021-02-19T04:10,https://www.jma.go.jp/jp/warn/313_table.html
31359,JP-07,福島県,会津,会津南部,檜枝岐村,,,,,,,,,,,,,,,,,,,1,,,,,2021-02-19T04:10,https://www.jma.go.jp/jp/warn/313_table.html
31360,JP-07,福島県,会津,会津南部,只見町,,,,,,,,,,,,,,,,,,,1,,,,,2021-02-19T04:10,https://www.jma.go.jp/jp/warn/313_table.html
31361,JP-07,福島県,会津,会津南部,南会津町,,,,,,,,,,,,,,,,,,,1,,,,,2021-02-19T04:10,https://www.jma.go.jp/jp/warn/313_table.html
31401,JP-08,茨城県,北部,県央地域,水戸市,,,,,,,,,,,,,,,,,,1,,,,,,2021-02-19T07:30,https://www.jma.go.jp/jp/warn/314_table.html
31402,JP-08,茨城県,北部,県央地域,笠間市,,,,,,,,,,,,,,,,,,1,,,,,,2021-02-19T07:30,https://www.jma.go.jp/jp/warn/314_table.html
31403,JP-08,茨城県,北部,県央地域,小美玉市,,,,,,,,,,,,,,,,,,1,,,,,,2021-02-19T07:30,https://www.jma.go.jp/jp/warn/314_table.html
31404,JP-08,茨城県,北部,県央地域,茨城町,,,,,,,,,,,,,,,,,,1,,,,,,2021-02-19T07:30,https://www.jma.go.jp/jp/warn/314_table.html
31405,JP-08,茨城県,北部,県央地域,大洗町,,,,,,,,,,,,,,,,,,1,,,,,,2021-02-19T07:30,https://www.jma.go.jp/jp/warn/314_table.html
31406,JP-08,茨城県,北部,県央地域,城里町,,,,,,,,,,,,,,,,,,1,,,,,,2021-02-19T07:30,https://www.jma.go.jp/jp/warn/314_table.html
31407,JP-08,茨城県,北部,県北地域,日立市,,,,,,,,,,,,,,,,,,1,,,,,,2021-02-19T07:30,https://www.jma.go.jp/jp/warn/314_table.html
31408,JP-08,茨城県,北部,県北地域,常陸太田市,,,,,,,,,,,,,,,,,,1,,,,,,2021-02-19T07:30,https://www.jma.go.jp/jp/warn/314_table.html
31409,JP-08,茨城県,北部,県北地域,高萩市,,,,,,,,,,,,,,,,,,1,,,,,,2021-02-19T07:30,https://www.jma.go.jp/jp/warn/314_table.html
31410,JP-08,茨城県,北部,県北地域,北茨城市,,,,,,,,,,,,,,,,,,1,,,,,,2021-02-19T07:30,https://www.jma.go.jp/jp/warn/314_table.html
31411,JP-08,茨城県,北部,県北地域,ひたちなか市,,,,,,,,,,,,,,,,,,1,,,,,,2021-02-19T07:30,https://www.jma.go.jp/jp/warn/314_table.html
31412,JP-08,茨城県,北部,県北地域,常陸大宮市,,,,,,,,,,,,,,,,,,1,,,,,,2021-02-19T07:30,https://www.jma.go.jp/jp/warn/314_table.html
31413,JP-08,茨城県,北部,県北地域,那珂市,,,,,,,,,,,,,,,,,,1,,,,,,2021-02-19T07:30,https://www.jma.go.jp/jp/warn/314_table.html
31414,JP-08,茨城県,北部,県北地域,東海村,,,,,,,,,,,,,,,,,,1,,,,,,2021-02-19T07:30,https://www.jma.go.jp/jp/warn/314_table.html
31415,JP-08,茨城県,北部,県北地域,大子町,,,,,,,,,,,,,,,,,,1,,,,,,2021-02-19T07:30,https://www.jma.go.jp/jp/warn/314_table.html
31416,JP-08,茨城県,南部,鹿行地域,鹿嶋市,,,,,,,,,,,,,,,,,,1,,,,,,2021-02-19T07:30,https://www.jma.go.jp/jp/warn/314_table.html
31417,JP-08,茨城県,南部,鹿行地域,潮来市,,,,,,,,,,,,,,,,,,1,,,,,,2021-02-19T07:30,https://www.jma.go.jp/jp/warn/314_table.html
31418,JP-08,茨城県,南部,鹿行地域,神栖市,,,,,,,,,,,,,,,,,,1,,,,,,2021-02-19T07:30,https://www.jma.go.jp/jp/warn/314_table.html
31419,JP-08,茨城県,南部,鹿行地域,行方市,,,,,,,,,,,,,,,,,,1,,,,,,2021-02-19T07:30,https://www.jma.go.jp/jp/warn/314_table.html
31420,JP-08,茨城県,南部,鹿行地域,鉾田市,,,,,,,,,,,,,,,,,,1,,,,,,2021-02-19T07:30,https://www.jma.go.jp/jp/warn/314_table.html
31421,JP-08,茨城県,南部,県南地域,土浦市,,,,,,,,,,,,,,,,,,1,,,,,,2021-02-19T07:30,https://www.jma.go.jp/jp/warn/314_table.html
31422,JP-08,茨城県,南部,県南地域,石岡市,,,,,,,,,,,,,,,,,,1,,,,,,2021-02-19T07:30,https://www.jma.go.jp/jp/warn/314_table.html
31423,JP-08,茨城県,南部,県南地域,龍ケ崎市,,,,,,,,,,,,,,,,,,1,,,,,,2021-02-19T07:30,https://www.jma.go.jp/jp/warn/314_table.html
31424,JP-08,茨城県,南部,県南地域,取手市,,,,,,,,,,,,,,,,,,1,,,,,,2021-02-19T07:30,https://www.jma.go.jp/jp/warn/314_table.html
31425,JP-08,茨城県,南部,県南地域,牛久市,,,,,,,,,,,,,,,,,,1,,,,,,2021-02-19T07:30,https://www.jma.go.jp/jp/warn/314_table.html
31426,JP-08,茨城県,南部,県南地域,つくば市,,,,,,,,,,,,,,,,,,1,,,,,,2021-02-19T07:30,https://www.jma.go.jp/jp/warn/314_table.html
31427,JP-08,茨城県,南部,県南地域,守谷市,,,,,,,,,,,,,,,,,,1,,,,,,2021-02-19T07:30,https://www.jma.go.jp/jp/warn/314_table.html
31428,JP-08,茨城県,南部,県南地域,稲敷市,,,,,,,,,,,,,,,,,,1,,,,,,2021-02-19T07:30,https://www.jma.go.jp/jp/warn/314_table.html
31429,JP-08,茨城県,南部,県南地域,かすみがうら市,,,,,,,,,,,,,,,,,,1,,,,,,2021-02-19T07:30,https://www.jma.go.jp/jp/warn/314_table.html
31430,JP-08,茨城県,南部,県南地域,つくばみらい市,,,,,,,,,,,,,,,,,,1,,,,,,2021-02-19T07:30,https://www.jma.go.jp/jp/warn/314_table.html
31431,JP-08,茨城県,南部,県南地域,美浦村,,,,,,,,,,,,,,,,,,1,,,,,,2021-02-19T07:30,https://www.jma.go.jp/jp/warn/314_table.html
31432,JP-08,茨城県,南部,県南地域,阿見町,,,,,,,,,,,,,,,,,,1,,,,,,2021-02-19T07:30,https://www.jma.go.jp/jp/warn/314_table.html
31433,JP-08,茨城県,南部,県南地域,河内町,,,,,,,,,,,,,,,,,,1,,,,,,2021-02-19T07:30,https://www.jma.go.jp/jp/warn/314_table.html
31434,JP-08,茨城県,南部,県南地域,利根町,,,,,,,,,,,,,,,,,,1,,,,,,2021-02-19T07:30,https://www.jma.go.jp/jp/warn/314_table.html
31435,JP-08,茨城県,南部,県西地域,古河市,,,,,,,,,,,,,,,,,,1,,,,,,2021-02-19T07:30,https://www.jma.go.jp/jp/warn/314_table.html
31436,JP-08,茨城県,南部,県西地域,結城市,,,,,,,,,,,,,,,,,,1,,,,,,2021-02-19T07:30,https://www.jma.go.jp/jp/warn/314_table.html
31437,JP-08,茨城県,南部,県西地域,下妻市,,,,,,,,,,,,,,,,,,1,,,,,,2021-02-19T07:30,https://www.jma.go.jp/jp/warn/314_table.html
31438,JP-08,茨城県,南部,県西地域,常総市,,,,,,,,,,,,,,,,,,1,,,,,,2021-02-19T07:30,https://www.jma.go.jp/jp/warn/314_table.html
31439,JP-08,茨城県,南部,県西地域,筑西市,,,,,,,,,,,,,,,,,,1,,,,,,2021-02-19T07:30,https://www.jma.go.jp/jp/warn/314_table.html
31440,JP-08,茨城県,南部,県西地域,坂東市,,,,,,,,,,,,,,,,,,1,,,,,,2021-02-19T07:30,https://www.jma.go.jp/jp/warn/314_table.html
31441,JP-08,茨城県,南部,県西地域,桜川市,,,,,,,,,,,,,,,,,,1,,,,,,2021-02-19T07:30,https://www.jma.go.jp/jp/warn/314_table.html
31442,JP-08,茨城県,南部,県西地域,八千代町,,,,,,,,,,,,,,,,,,1,,,,,,2021-02-19T07:30,https://www.jma.go.jp/jp/warn/314_table.html
31443,JP-08,茨城県,南部,県西地域,五霞町,,,,,,,,,,,,,,,,,,1,,,,,,2021-02-19T07:30,https://www.jma.go.jp/jp/warn/314_table.html
31444,JP-08,茨城県,南部,県西地域,境町,,,,,,,,,,,,,,,,,,1,,,,,,2021-02-19T07:30,https://www.jma.go.jp/jp/warn/314_table.html
31501,JP-10,群馬県,南部,前橋・桐生地域,前橋市,,,,,,,,,,,,,,,,,,1,,,,,,2021-02-19T05:17,https://www.jma.go.jp/jp/warn/315_table.html
31502,JP-10,群馬県,南部,前橋・桐生地域,桐生市,,,,,,,,,,,,,,,,,,1,,,,,,2021-02-19T05:17,https://www.jma.go.jp/jp/warn/315_table.html
31503,JP-10,群馬県,南部,前橋・桐生地域,渋川市,,,,,,,,,,,,,,,,,,1,,,,,,2021-02-19T05:17,https://www.jma.go.jp/jp/warn/315_table.html
31504,JP-10,群馬県,南部,前橋・桐生地域,みどり市,,,,,,,,,,,,,,,,,,1,,,,,,2021-02-19T05:17,https://www.jma.go.jp/jp/warn/315_table.html
31505,JP-10,群馬県,南部,前橋・桐生地域,榛東村,,,,,,,,,,,,,,,,,,1,,,,,,2021-02-19T05:17,https://www.jma.go.jp/jp/warn/315_table.html
31506,JP-10,群馬県,南部,前橋・桐生地域,吉岡町,,,,,,,,,,,,,,,,,,1,,,,,,2021-02-19T05:17,https://www.jma.go.jp/jp/warn/315_table.html
31507,JP-10,群馬県,南部,伊勢崎・太田地域,伊勢崎市,,,,,,,,,,,,,,,,,,1,,,,,,2021-02-19T05:17,https://www.jma.go.jp/jp/warn/315_table.html
31508,JP-10,群馬県,南部,伊勢崎・太田地域,太田市,,,,,,,,,,,,,,,,,,1,,,,,,2021-02-19T05:17,https://www.jma.go.jp/jp/warn/315_table.html
31509,JP-10,群馬県,南部,伊勢崎・太田地域,館林市,,,,,,,,,,,,,,,,,,1,,,,,,2021-02-19T05:17,https://www.jma.go.jp/jp/warn/315_table.html
31510,JP-10,群馬県,南部,伊勢崎・太田地域,玉村町,,,,,,,,,,,,,,,,,,1,,,,,,2021-02-19T05:17,https://www.jma.go.jp/jp/warn/315_table.html
31511,JP-10,群馬県,南部,伊勢崎・太田地域,板倉町,,,,,,,,,,,,,,,,,,1,,,,,,2021-02-19T05:17,https://www.jma.go.jp/jp/warn/315_table.html
31512,JP-10,群馬県,南部,伊勢崎・太田地域,明和町,,,,,,,,,,,,,,,,,,1,,,,,,2021-02-19T05:17,https://www.jma.go.jp/jp/warn/315_table.html
31513,JP-10,群馬県,南部,伊勢崎・太田地域,千代田町,,,,,,,,,,,,,,,,,,1,,,,,,2021-02-19T05:17,https://www.jma.go.jp/jp/warn/315_table.html
31514,JP-10,群馬県,南部,伊勢崎・太田地域,大泉町,,,,,,,,,,,,,,,,,,1,,,,,,2021-02-19T05:17,https://www.jma.go.jp/jp/warn/315_table.html
31515,JP-10,群馬県,南部,伊勢崎・太田地域,邑楽町,,,,,,,,,,,,,,,,,,1,,,,,,2021-02-19T05:17,https://www.jma.go.jp/jp/warn/315_table.html
31516,JP-10,群馬県,南部,高崎・藤岡地域,高崎市,,,,,,,,,,,,,,,,,,1,,,,,,2021-02-19T05:17,https://www.jma.go.jp/jp/warn/315_table.html
31517,JP-10,群馬県,南部,高崎・藤岡地域,藤岡市,,,,,,,,,,,,,,,,,,1,,,,,,2021-02-19T05:17,https://www.jma.go.jp/jp/warn/315_table.html
31518,JP-10,群馬県,南部,高崎・藤岡地域,富岡市,,,,,,,,,,,,,,,,,,1,,,,,,2021-02-19T05:17,https://www.jma.go.jp/jp/warn/315_table.html
31519,JP-10,群馬県,南部,高崎・藤岡地域,安中市,,,,,,,,,,,,,,,,,,1,,,,,,2021-02-19T05:17,https://www.jma.go.jp/jp/warn/315_table.html
31520,JP-10,群馬県,南部,高崎・藤岡地域,上野村,,,,,,,,,,,,,,,,,,1,,,,,,2021-02-19T05:17,https://www.jma.go.jp/jp/warn/315_table.html
31521,JP-10,群馬県,南部,高崎・藤岡地域,神流町,,,,,,,,,,,,,,,,,,1,,,,,,2021-02-19T05:17,https://www.jma.go.jp/jp/warn/315_table.html
31522,JP-10,群馬県,南部,高崎・藤岡地域,下仁田町,,,,,,,,,,,,,,,,,,1,,,,,,2021-02-19T05:17,https://www.jma.go.jp/jp/warn/315_table.html
31523,JP-10,群馬県,南部,高崎・藤岡地域,南牧村,,,,,,,,,,,,,,,,,,1,,,,,,2021-02-19T05:17,https://www.jma.go.jp/jp/warn/315_table.html
31524,JP-10,群馬県,南部,高崎・藤岡地域,甘楽町,,,,,,,,,,,,,,,,,,1,,,,,,2021-02-19T05:17,https://www.jma.go.jp/jp/warn/315_table.html
31525,JP-10,群馬県,北部,利根・沼田地域,沼田市,,,,,,,,,,,,,,,,,,1,1,,,,,2021-02-19T05:17,https://www.jma.go.jp/jp/warn/315_table.html
31526,JP-10,群馬県,北部,利根・沼田地域,片品村,,,,,,,,,,,,,,,,,,1,1,,,,,2021-02-19T05:17,https://www.jma.go.jp/jp/warn/315_table.html
31527,JP-10,群馬県,北部,利根・沼田地域,川場村,,,,,,,,,,,,,,,,,,1,1,,,,,2021-02-19T05:17,https://www.jma.go.jp/jp/warn/315_table.html
31528,JP-10,群馬県,北部,利根・沼田地域,昭和村,,,,,,,,,,,,,,,,,,1,,,,,,2021-02-19T05:17,https://www.jma.go.jp/jp/warn/315_table.html
31529,JP-10,群馬県,北部,利根・沼田地域,みなかみ町,,,,,,,,,,,,,,,,,,1,1,,,,,2021-02-19T05:17,https://www.jma.go.jp/jp/warn/315_table.html
31530,JP-10,群馬県,北部,吾妻地域,中之条町,,,,,,,,,,,,,,,,,,1,1,,,,,2021-02-19T05:17,https://www.jma.go.jp/jp/warn/315_table.html
31531,JP-10,群馬県,北部,吾妻地域,長野原町,,,,,,,,,,,,,,,,,,1,,,,,,2021-02-19T05:17,https://www.jma.go.jp/jp/warn/315_table.html
31532,JP-10,群馬県,北部,吾妻地域,嬬恋村,,,,,,,,,,,,,,,,,,1,1,,,,,2021-02-19T05:17,https://www.jma.go.jp/jp/warn/315_table.html
31533,JP-10,群馬県,北部,吾妻地域,草津町,,,,,,,,,,,,,,,,,,1,1,,,,,2021-02-19T05:17,https://www.jma.go.jp/jp/warn/315_table.html
31534,JP-10,群馬県,北部,吾妻地域,高山村,,,,,,,,,,,,,,,,,,1,,,,,,2021-02-19T05:17,https://www.jma.go.jp/jp/warn/315_table.html
31535,JP-10,群馬県,北部,吾妻地域,東吾妻町,,,,,,,,,,,,,,,,,,1,,,,,,2021-02-19T05:17,https://www.jma.go.jp/jp/warn/315_table.html
31601,JP-09,栃木県,南部,県央部,宇都宮市,,,,,,,,,,,,,,,,,,1,,,,,,2021-02-19T07:29,https://www.jma.go.jp/jp/warn/316_table.html
31602,JP-09,栃木県,南部,県央部,さくら市,,,,,,,,,,,,,,,,,,1,,,,,,2021-02-19T07:29,https://www.jma.go.jp/jp/warn/316_table.html
31603,JP-09,栃木県,南部,県央部,上三川町,,,,,,,,,,,,,,,,,,1,,,,,,2021-02-19T07:29,https://www.jma.go.jp/jp/warn/316_table.html
31604,JP-09,栃木県,南部,県央部,高根沢町,,,,,,,,,,,,,,,,,,1,,,,,,2021-02-19T07:29,https://www.jma.go.jp/jp/warn/316_table.html
31605,JP-09,栃木県,南部,南東部,真岡市,,,,,,,,,,,,,,,,,,1,,,,,,2021-02-19T07:29,https://www.jma.go.jp/jp/warn/316_table.html
31606,JP-09,栃木県,南部,南東部,那須烏山市,,,,,,,,,,,,,,,,,,1,,,,,,2021-02-19T07:29,https://www.jma.go.jp/jp/warn/316_table.html
31607,JP-09,栃木県,南部,南東部,益子町,,,,,,,,,,,,,,,,,,1,,,,,,2021-02-19T07:29,https://www.jma.go.jp/jp/warn/316_table.html
31608,JP-09,栃木県,南部,南東部,茂木町,,,,,,,,,,,,,,,,,,1,,,,,,2021-02-19T07:29,https://www.jma.go.jp/jp/warn/316_table.html
31609,JP-09,栃木県,南部,南東部,市貝町,,,,,,,,,,,,,,,,,,1,,,,,,2021-02-19T07:29,https://www.jma.go.jp/jp/warn/316_table.html
31610,JP-09,栃木県,南部,南東部,芳賀町,,,,,,,,,,,,,,,,,,1,,,,,,2021-02-19T07:29,https://www.jma.go.jp/jp/warn/316_table.html
31611,JP-09,栃木県,南部,南東部,那珂川町,,,,,,,,,,,,,,,,,,1,,,,,,2021-02-19T07:29,https://www.jma.go.jp/jp/warn/316_table.html
31612,JP-09,栃木県,南部,南西部,足利市,,,,,,,,,,,,,,,,,,1,,,,,,2021-02-19T07:29,https://www.jma.go.jp/jp/warn/316_table.html
31613,JP-09,栃木県,南部,南西部,栃木市,,,,,,,,,,,,,,,,,,1,,,,,,2021-02-19T07:29,https://www.jma.go.jp/jp/warn/316_table.html
31614,JP-09,栃木県,南部,南西部,佐野市,,,,,,,,,,,,,,,,,,1,,,,,,2021-02-19T07:29,https://www.jma.go.jp/jp/warn/316_table.html
31615,JP-09,栃木県,南部,南西部,鹿沼市,,,,,,,,,,,,,,,,,,1,,,,,,2021-02-19T07:29,https://www.jma.go.jp/jp/warn/316_table.html
31616,JP-09,栃木県,南部,南西部,小山市,,,,,,,,,,,,,,,,,,1,,,,,,2021-02-19T07:29,https://www.jma.go.jp/jp/warn/316_table.html
31617,JP-09,栃木県,南部,南西部,下野市,,,,,,,,,,,,,,,,,,1,,,,,,2021-02-19T07:29,https://www.jma.go.jp/jp/warn/316_table.html
31618,JP-09,栃木県,南部,南西部,壬生町,,,,,,,,,,,,,,,,,,1,,,,,,2021-02-19T07:29,https://www.jma.go.jp/jp/warn/316_table.html
31619,JP-09,栃木県,南部,南西部,野木町,,,,,,,,,,,,,,,,,,1,,,,,,2021-02-19T07:29,https://www.jma.go.jp/jp/warn/316_table.html
31620,JP-09,栃木県,北部,那須地域,大田原市,,,,,,,,,,,,,,,,,,1,,,,,,2021-02-19T07:29,https://www.jma.go.jp/jp/warn/316_table.html
31621,JP-09,栃木県,北部,那須地域,矢板市,,,,,,,,,,,,,,,,,,1,,,,,,2021-02-19T07:29,https://www.jma.go.jp/jp/warn/316_table.html
31622,JP-09,栃木県,北部,那須地域,那須塩原市,,,,,,,,,,,,,,,,,,1,1,,,,,2021-02-19T07:29,https://www.jma.go.jp/jp/warn/316_table.html
31623,JP-09,栃木県,北部,那須地域,塩谷町,,,,,,,,,,,,,,,,,,1,,,,,,2021-02-19T07:29,https://www.jma.go.jp/jp/warn/316_table.html
31624,JP-09,栃木県,北部,那須地域,那須町,,,,,,,,,,,,,,,,,,1,1,,,,,2021-02-19T07:29,https://www.jma.go.jp/jp/warn/316_table.html
31625,JP-09,栃木県,北部,日光市,日光市今市,,,,,,,,,,,,,,,,,,1,,,,,,2021-02-19T07:29,https://www.jma.go.jp/jp/warn/316_table.html
31626,JP-09,栃木県,北部,日光市,日光市日光,,,,,,,,,,,,,,,,,,1,1,,,,,2021-02-19T07:29,https://www.jma.go.jp/jp/warn/316_table.html
31627,JP-09,栃木県,北部,日光市,日光市藤原,,,,,,,,,,,,,,,,,,1,1,,,,,2021-02-19T07:29,https://www.jma.go.jp/jp/warn/316_table.html
31628,JP-09,栃木県,北部,日光市,日光市足尾,,,,,,,,,,,,,,,,,,1,1,,,,,2021-02-19T07:29,https://www.jma.go.jp/jp/warn/316_table.html
31629,JP-09,栃木県,北部,日光市,日光市栗山,,,,,,,,,,,,,,,,,,1,1,,,,,2021-02-19T07:29,https://www.jma.go.jp/jp/warn/316_table.html
31701,JP-11,埼玉県,南部,南中部,さいたま市,,,,,,,,,,,,,,,,,,1,,,,,,2021-02-19T07:33,https://www.jma.go.jp/jp/warn/317_table.html
31702,JP-11,埼玉県,南部,南中部,川越市,,,,,,,,,,,,,,,,,,1,,,,,,2021-02-19T07:33,https://www.jma.go.jp/jp/warn/317_table.html
31703,JP-11,埼玉県,南部,南中部,川口市,,,,,,,,,,,,,,,,,,1,,,,,,2021-02-19T07:33,https://www.jma.go.jp/jp/warn/317_table.html
31704,JP-11,埼玉県,南部,南中部,所沢市,,,,,,,,,,,,,,,,,,1,,,,,,2021-02-19T07:33,https://www.jma.go.jp/jp/warn/317_table.html
31705,JP-11,埼玉県,南部,南中部,狭山市,,,,,,,,,,,,,,,,,,1,,,,,,2021-02-19T07:33,https://www.jma.go.jp/jp/warn/317_table.html
31706,JP-11,埼玉県,南部,南中部,上尾市,,,,,,,,,,,,,,,,,,1,,,,,,2021-02-19T07:33,https://www.jma.go.jp/jp/warn/317_table.html
31707,JP-11,埼玉県,南部,南中部,蕨市,,,,,,,,,,,,,,,,,,1,,,,,,2021-02-19T07:33,https://www.jma.go.jp/jp/warn/317_table.html
31708,JP-11,埼玉県,南部,南中部,戸田市,,,,,,,,,,,,,,,,,,1,,,,,,2021-02-19T07:33,https://www.jma.go.jp/jp/warn/317_table.html
31709,JP-11,埼玉県,南部,南中部,朝霞市,,,,,,,,,,,,,,,,,,1,,,,,,2021-02-19T07:33,https://www.jma.go.jp/jp/warn/317_table.html
31710,JP-11,埼玉県,南部,南中部,志木市,,,,,,,,,,,,,,,,,,1,,,,,,2021-02-19T07:33,https://www.jma.go.jp/jp/warn/317_table.html
31711,JP-11,埼玉県,南部,南中部,和光市,,,,,,,,,,,,,,,,,,1,,,,,,2021-02-19T07:33,https://www.jma.go.jp/jp/warn/317_table.html
31712,JP-11,埼玉県,南部,南中部,新座市,,,,,,,,,,,,,,,,,,1,,,,,,2021-02-19T07:33,https://www.jma.go.jp/jp/warn/317_table.html
31713,JP-11,埼玉県,南部,南中部,桶川市,,,,,,,,,,,,,,,,,,1,,,,,,2021-02-19T07:33,https://www.jma.go.jp/jp/warn/317_table.html
31714,JP-11,埼玉県,南部,南中部,北本市,,,,,,,,,,,,,,,,,,1,,,,,,2021-02-19T07:33,https://www.jma.go.jp/jp/warn/317_table.html
31715,JP-11,埼玉県,南部,南中部,富士見市,,,,,,,,,,,,,,,,,,1,,,,,,2021-02-19T07:33,https://www.jma.go.jp/jp/warn/317_table.html
31716,JP-11,埼玉県,南部,南中部,ふじみ野市,,,,,,,,,,,,,,,,,,1,,,,,,2021-02-19T07:33,https://www.jma.go.jp/jp/warn/317_table.html
31717,JP-11,埼玉県,南部,南中部,伊奈町,,,,,,,,,,,,,,,,,,1,,,,,,2021-02-19T07:33,https://www.jma.go.jp/jp/warn/317_table.html
31718,JP-11,埼玉県,南部,南中部,三芳町,,,,,,,,,,,,,,,,,,1,,,,,,2021-02-19T07:33,https://www.jma.go.jp/jp/warn/317_table.html
31719,JP-11,埼玉県,南部,南中部,川島町,,,,,,,,,,,,,,,,,,1,,,,,,2021-02-19T07:33,https://www.jma.go.jp/jp/warn/317_table.html
31720,JP-11,埼玉県,南部,南東部,春日部市,,,,,,,,,,,,,,,,,,1,,,,,,2021-02-19T07:33,https://www.jma.go.jp/jp/warn/317_table.html
31721,JP-11,埼玉県,南部,南東部,草加市,,,,,,,,,,,,,,,,,,1,,,,,,2021-02-19T07:33,https://www.jma.go.jp/jp/warn/317_table.html
31722,JP-11,埼玉県,南部,南東部,越谷市,,,,,,,,,,,,,,,,,,1,,,,,,2021-02-19T07:33,https://www.jma.go.jp/jp/warn/317_table.html
31723,JP-11,埼玉県,南部,南東部,八潮市,,,,,,,,,,,,,,,,,,1,,,,,,2021-02-19T07:33,https://www.jma.go.jp/jp/warn/317_table.html
31724,JP-11,埼玉県,南部,南東部,三郷市,,,,,,,,,,,,,,,,,,1,,,,,,2021-02-19T07:33,https://www.jma.go.jp/jp/warn/317_table.html
31725,JP-11,埼玉県,南部,南東部,蓮田市,,,,,,,,,,,,,,,,,,1,,,,,,2021-02-19T07:33,https://www.jma.go.jp/jp/warn/317_table.html
31726,JP-11,埼玉県,南部,南東部,幸手市,,,,,,,,,,,,,,,,,,1,,,,,,2021-02-19T07:33,https://www.jma.go.jp/jp/warn/317_table.html
31727,JP-11,埼玉県,南部,南東部,吉川市,,,,,,,,,,,,,,,,,,1,,,,,,2021-02-19T07:33,https://www.jma.go.jp/jp/warn/317_table.html
31728,JP-11,埼玉県,南部,南東部,白岡市,,,,,,,,,,,,,,,,,,1,,,,,,2021-02-19T07:33,https://www.jma.go.jp/jp/warn/317_table.html
31729,JP-11,埼玉県,南部,南東部,宮代町,,,,,,,,,,,,,,,,,,1,,,,,,2021-02-19T07:33,https://www.jma.go.jp/jp/warn/317_table.html
31730,JP-11,埼玉県,南部,南東部,杉戸町,,,,,,,,,,,,,,,,,,1,,,,,,2021-02-19T07:33,https://www.jma.go.jp/jp/warn/317_table.html
31731,JP-11,埼玉県,南部,南東部,松伏町,,,,,,,,,,,,,,,,,,1,,,,,,2021-02-19T07:33,https://www.jma.go.jp/jp/warn/317_table.html
31732,JP-11,埼玉県,南部,南西部,飯能市,,,,,,,,,,,,,,,,,,1,,,,,,2021-02-19T07:33,https://www.jma.go.jp/jp/warn/317_table.html
31733,JP-11,埼玉県,南部,南西部,入間市,,,,,,,,,,,,,,,,,,1,,,,,,2021-02-19T07:33,https://www.jma.go.jp/jp/warn/317_table.html
31734,JP-11,埼玉県,南部,南西部,坂戸市,,,,,,,,,,,,,,,,,,1,,,,,,2021-02-19T07:33,https://www.jma.go.jp/jp/warn/317_table.html
31735,JP-11,埼玉県,南部,南西部,鶴ヶ島市,,,,,,,,,,,,,,,,,,1,,,,,,2021-02-19T07:33,https://www.jma.go.jp/jp/warn/317_table.html
31736,JP-11,埼玉県,南部,南西部,日高市,,,,,,,,,,,,,,,,,,1,,,,,,2021-02-19T07:33,https://www.jma.go.jp/jp/warn/317_table.html
31737,JP-11,埼玉県,南部,南西部,毛呂山町,,,,,,,,,,,,,,,,,,1,,,,,,2021-02-19T07:33,https://www.jma.go.jp/jp/warn/317_table.html
31738,JP-11,埼玉県,南部,南西部,越生町,,,,,,,,,,,,,,,,,,1,,,,,,2021-02-19T07:33,https://www.jma.go.jp/jp/warn/317_table.html
31739,JP-11,埼玉県,北部,北東部,行田市,,,,,,,,,,,,,,,,,,1,,,,,,2021-02-19T07:33,https://www.jma.go.jp/jp/warn/317_table.html
31740,JP-11,埼玉県,北部,北東部,加須市,,,,,,,,,,,,,,,,,,1,,,,,,2021-02-19T07:33,https://www.jma.go.jp/jp/warn/317_table.html
31741,JP-11,埼玉県,北部,北東部,羽生市,,,,,,,,,,,,,,,,,,1,,,,,,2021-02-19T07:33,https://www.jma.go.jp/jp/warn/317_table.html
31742,JP-11,埼玉県,北部,北東部,鴻巣市,,,,,,,,,,,,,,,,,,1,,,,,,2021-02-19T07:33,https://www.jma.go.jp/jp/warn/317_table.html
31743,JP-11,埼玉県,北部,北東部,久喜市,,,,,,,,,,,,,,,,,,1,,,,,,2021-02-19T07:33,https://www.jma.go.jp/jp/warn/317_table.html
31744,JP-11,埼玉県,北部,北西部,熊谷市,,,,,,,,,,,,,,,,,,1,,,,,,2021-02-19T07:33,https://www.jma.go.jp/jp/warn/317_table.html
31745,JP-11,埼玉県,北部,北西部,本庄市,,,,,,,,,,,,,,,,,,1,,,,,,2021-02-19T07:33,https://www.jma.go.jp/jp/warn/317_table.html
31746,JP-11,埼玉県,北部,北西部,東松山市,,,,,,,,,,,,,,,,,,1,,,,,,2021-02-19T07:33,https://www.jma.go.jp/jp/warn/317_table.html
31747,JP-11,埼玉県,北部,北西部,深谷市,,,,,,,,,,,,,,,,,,1,,,,,,2021-02-19T07:33,https://www.jma.go.jp/jp/warn/317_table.html
31748,JP-11,埼玉県,北部,北西部,滑川町,,,,,,,,,,,,,,,,,,1,,,,,,2021-02-19T07:33,https://www.jma.go.jp/jp/warn/317_table.html
31749,JP-11,埼玉県,北部,北西部,嵐山町,,,,,,,,,,,,,,,,,,1,,,,,,2021-02-19T07:33,https://www.jma.go.jp/jp/warn/317_table.html
31750,JP-11,埼玉県,北部,北西部,小川町,,,,,,,,,,,,,,,,,,1,,,,,,2021-02-19T07:33,https://www.jma.go.jp/jp/warn/317_table.html
31751,JP-11,埼玉県,北部,北西部,吉見町,,,,,,,,,,,,,,,,,,1,,,,,,2021-02-19T07:33,https://www.jma.go.jp/jp/warn/317_table.html
31752,JP-11,埼玉県,北部,北西部,鳩山町,,,,,,,,,,,,,,,,,,1,,,,,,2021-02-19T07:33,https://www.jma.go.jp/jp/warn/317_table.html
31753,JP-11,埼玉県,北部,北西部,ときがわ町,,,,,,,,,,,,,,,,,,1,,,,,,2021-02-19T07:33,https://www.jma.go.jp/jp/warn/317_table.html
31754,JP-11,埼玉県,北部,北西部,東秩父村,,,,,,,,,,,,,,,,,,1,,,,,,2021-02-19T07:33,https://www.jma.go.jp/jp/warn/317_table.html
31755,JP-11,埼玉県,北部,北西部,美里町,,,,,,,,,,,,,,,,,,1,,,,,,2021-02-19T07:33,https://www.jma.go.jp/jp/warn/317_table.html
31756,JP-11,埼玉県,北部,北西部,神川町,,,,,,,,,,,,,,,,,,1,,,,,,2021-02-19T07:33,https://www.jma.go.jp/jp/warn/317_table.html
31757,JP-11,埼玉県,北部,北西部,上里町,,,,,,,,,,,,,,,,,,1,,,,,,2021-02-19T07:33,https://www.jma.go.jp/jp/warn/317_table.html
31758,JP-11,埼玉県,北部,北西部,寄居町,,,,,,,,,,,,,,,,,,1,,,,,,2021-02-19T07:33,https://www.jma.go.jp/jp/warn/317_table.html
31759,JP-11,埼玉県,秩父地方,秩父地方,秩父市,,,,,,,,,,,,,,,,,,1,,,,,,2021-02-19T07:33,https://www.jma.go.jp/jp/warn/317_table.html
31760,JP-11,埼玉県,秩父地方,秩父地方,横瀬町,,,,,,,,,,,,,,,,,,1,,,,,,2021-02-19T07:33,https://www.jma.go.jp/jp/warn/317_table.html
31761,JP-11,埼玉県,秩父地方,秩父地方,皆野町,,,,,,,,,,,,,,,,,,1,,,,,,2021-02-19T07:33,https://www.jma.go.jp/jp/warn/317_table.html
31762,JP-11,埼玉県,秩父地方,秩父地方,長瀞町,,,,,,,,,,,,,,,,,,1,,,,,,2021-02-19T07:33,https://www.jma.go.jp/jp/warn/317_table.html
31763,JP-11,埼玉県,秩父地方,秩父地方,小鹿野町,,,,,,,,,,,,,,,,,,1,,,,,,2021-02-19T07:33,https://www.jma.go.jp/jp/warn/317_table.html
31801,JP-12,千葉県,北西部,千葉中央,千葉市,,,,,,,,,,,,,,,,,,1,,,,,,2021-02-19T04:10,https://www.jma.go.jp/jp/warn/318_table.html
31802,JP-12,千葉県,北西部,千葉中央,市原市,,,,,,,,,,,,,,,,,,1,,,,,,2021-02-19T04:10,https://www.jma.go.jp/jp/warn/318_table.html
31803,JP-12,千葉県,北西部,印旛,成田市,,,,,,,,,,,,,,,,,,1,,,,,,2021-02-19T04:10,https://www.jma.go.jp/jp/warn/318_table.html
31804,JP-12,千葉県,北西部,印旛,佐倉市,,,,,,,,,,,,,,,,,,1,,,,,,2021-02-19T04:10,https://www.jma.go.jp/jp/warn/318_table.html
31805,JP-12,千葉県,北西部,印旛,四街道市,,,,,,,,,,,,,,,,,,1,,,,,,2021-02-19T04:10,https://www.jma.go.jp/jp/warn/318_table.html
31806,JP-12,千葉県,北西部,印旛,八街市,,,,,,,,,,,,,,,,,,1,,,,,,2021-02-19T04:10,https://www.jma.go.jp/jp/warn/318_table.html
31807,JP-12,千葉県,北西部,印旛,印西市,,,,,,,,,,,,,,,,,,1,,,,,,2021-02-19T04:10,https://www.jma.go.jp/jp/warn/318_table.html
31808,JP-12,千葉県,北西部,印旛,白井市,,,,,,,,,,,,,,,,,,1,,,,,,2021-02-19T04:10,https://www.jma.go.jp/jp/warn/318_table.html
31809,JP-12,千葉県,北西部,印旛,富里市,,,,,,,,,,,,,,,,,,1,,,,,,2021-02-19T04:10,https://www.jma.go.jp/jp/warn/318_table.html
31810,JP-12,千葉県,北西部,印旛,酒々井町,,,,,,,,,,,,,,,,,,1,,,,,,2021-02-19T04:10,https://www.jma.go.jp/jp/warn/318_table.html
31811,JP-12,千葉県,北西部,印旛,栄町,,,,,,,,,,,,,,,,,,1,,,,,,2021-02-19T04:10,https://www.jma.go.jp/jp/warn/318_table.html
31812,JP-12,千葉県,北西部,東葛飾,市川市,,,,,,,,,,,,,,,,,,1,,,,,,2021-02-19T04:10,https://www.jma.go.jp/jp/warn/318_table.html
31813,JP-12,千葉県,北西部,東葛飾,船橋市,,,,,,,,,,,,,,,,,,1,,,,,,2021-02-19T04:10,https://www.jma.go.jp/jp/warn/318_table.html
31814,JP-12,千葉県,北西部,東葛飾,松戸市,,,,,,,,,,,,,,,,,,1,,,,,,2021-02-19T04:10,https://www.jma.go.jp/jp/warn/318_table.html
31815,JP-12,千葉県,北西部,東葛飾,野田市,,,,,,,,,,,,,,,,,,1,,,,,,2021-02-19T04:10,https://www.jma.go.jp/jp/warn/318_table.html
31816,JP-12,千葉県,北西部,東葛飾,習志野市,,,,,,,,,,,,,,,,,,1,,,,,,2021-02-19T04:10,https://www.jma.go.jp/jp/warn/318_table.html
31817,JP-12,千葉県,北西部,東葛飾,柏市,,,,,,,,,,,,,,,,,,1,,,,,,2021-02-19T04:10,https://www.jma.go.jp/jp/warn/318_table.html
31818,JP-12,千葉県,北西部,東葛飾,流山市,,,,,,,,,,,,,,,,,,1,,,,,,2021-02-19T04:10,https://www.jma.go.jp/jp/warn/318_table.html
31819,JP-12,千葉県,北西部,東葛飾,八千代市,,,,,,,,,,,,,,,,,,1,,,,,,2021-02-19T04:10,https://www.jma.go.jp/jp/warn/318_table.html
31820,JP-12,千葉県,北西部,東葛飾,我孫子市,,,,,,,,,,,,,,,,,,1,,,,,,2021-02-19T04:10,https://www.jma.go.jp/jp/warn/318_table.html
31821,JP-12,千葉県,北西部,東葛飾,鎌ケ谷市,,,,,,,,,,,,,,,,,,1,,,,,,2021-02-19T04:10,https://www.jma.go.jp/jp/warn/318_table.html
31822,JP-12,千葉県,北西部,東葛飾,浦安市,,,,,,,,,,,,,,,,,,1,,,,,,2021-02-19T04:10,https://www.jma.go.jp/jp/warn/318_table.html
31823,JP-12,千葉県,北東部,香取・海匝,銚子市,,,,,,,,,,,,,,,,,,1,,,,,,2021-02-19T04:10,https://www.jma.go.jp/jp/warn/318_table.html
31824,JP-12,千葉県,北東部,香取・海匝,旭市,,,,,,,,,,,,,,,,,,1,,,,,,2021-02-19T04:10,https://www.jma.go.jp/jp/warn/318_table.html
31825,JP-12,千葉県,北東部,香取・海匝,匝瑳市,,,,,,,,,,,,,,,,,,1,,,,,,2021-02-19T04:10,https://www.jma.go.jp/jp/warn/318_table.html
31826,JP-12,千葉県,北東部,香取・海匝,香取市,,,,,,,,,,,,,,,,,,1,,,,,,2021-02-19T04:10,https://www.jma.go.jp/jp/warn/318_table.html
31827,JP-12,千葉県,北東部,香取・海匝,神崎町,,,,,,,,,,,,,,,,,,1,,,,,,2021-02-19T04:10,https://www.jma.go.jp/jp/warn/318_table.html
31828,JP-12,千葉県,北東部,香取・海匝,多古町,,,,,,,,,,,,,,,,,,1,,,,,,2021-02-19T04:10,https://www.jma.go.jp/jp/warn/318_table.html
31829,JP-12,千葉県,北東部,香取・海匝,東庄町,,,,,,,,,,,,,,,,,,1,,,,,,2021-02-19T04:10,https://www.jma.go.jp/jp/warn/318_table.html
31830,JP-12,千葉県,北東部,山武・長生,茂原市,,,,,,,,,,,,,,,,,,1,,,,,,2021-02-19T04:10,https://www.jma.go.jp/jp/warn/318_table.html
31831,JP-12,千葉県,北東部,山武・長生,東金市,,,,,,,,,,,,,,,,,,1,,,,,,2021-02-19T04:10,https://www.jma.go.jp/jp/warn/318_table.html
31832,JP-12,千葉県,北東部,山武・長生,山武市,,,,,,,,,,,,,,,,,,1,,,,,,2021-02-19T04:10,https://www.jma.go.jp/jp/warn/318_table.html
31833,JP-12,千葉県,北東部,山武・長生,大網白里市,,,,,,,,,,,,,,,,,,1,,,,,,2021-02-19T04:10,https://www.jma.go.jp/jp/warn/318_table.html
31834,JP-12,千葉県,北東部,山武・長生,九十九里町,,,,,,,,,,,,,,,,,,1,,,,,,2021-02-19T04:10,https://www.jma.go.jp/jp/warn/318_table.html
31835,JP-12,千葉県,北東部,山武・長生,芝山町,,,,,,,,,,,,,,,,,,1,,,,,,2021-02-19T04:10,https://www.jma.go.jp/jp/warn/318_table.html
31836,JP-12,千葉県,北東部,山武・長生,横芝光町,,,,,,,,,,,,,,,,,,1,,,,,,2021-02-19T04:10,https://www.jma.go.jp/jp/warn/318_table.html
31837,JP-12,千葉県,北東部,山武・長生,一宮町,,,,,,,,,,,,,,,,,,1,,,,,,2021-02-19T04:10,https://www.jma.go.jp/jp/warn/318_table.html
31838,JP-12,千葉県,北東部,山武・長生,睦沢町,,,,,,,,,,,,,,,,,,1,,,,,,2021-02-19T04:10,https://www.jma.go.jp/jp/warn/318_table.html
31839,JP-12,千葉県,北東部,山武・長生,長生村,,,,,,,,,,,,,,,,,,1,,,,,,2021-02-19T04:10,https://www.jma.go.jp/jp/warn/318_table.html
31840,JP-12,千葉県,北東部,山武・長生,白子町,,,,,,,,,,,,,,,,,,1,,,,,,2021-02-19T04:10,https://www.jma.go.jp/jp/warn/318_table.html
31841,JP-12,千葉県,北東部,山武・長生,長柄町,,,,,,,,,,,,,,,,,,1,,,,,,2021-02-19T04:10,https://www.jma.go.jp/jp/warn/318_table.html
31842,JP-12,千葉県,北東部,山武・長生,長南町,,,,,,,,,,,,,,,,,,1,,,,,,2021-02-19T04:10,https://www.jma.go.jp/jp/warn/318_table.html
31843,JP-12,千葉県,南部,君津,木更津市,,,,,,,,,,,,,,,,,,1,,,,,,2021-02-19T04:10,https://www.jma.go.jp/jp/warn/318_table.html
31844,JP-12,千葉県,南部,君津,君津市,,,,,,,,,,,,,,,,,,1,,,,,,2021-02-19T04:10,https://www.jma.go.jp/jp/warn/318_table.html
31845,JP-12,千葉県,南部,君津,富津市,,,,,,,,,,,,,,,,,,1,,,,,,2021-02-19T04:10,https://www.jma.go.jp/jp/warn/318_table.html
31846,JP-12,千葉県,南部,君津,袖ケ浦市,,,,,,,,,,,,,,,,,,1,,,,,,2021-02-19T04:10,https://www.jma.go.jp/jp/warn/318_table.html
31847,JP-12,千葉県,南部,夷隅・安房,館山市,,,,,,,,,,,,,,,,,,1,,,,,,2021-02-19T04:10,https://www.jma.go.jp/jp/warn/318_table.html
31848,JP-12,千葉県,南部,夷隅・安房,勝浦市,,,,,,,,,,,,,,,,,,1,,,,,,2021-02-19T04:10,https://www.jma.go.jp/jp/warn/318_table.html
31849,JP-12,千葉県,南部,夷隅・安房,鴨川市,,,,,,,,,,,,,,,,,,1,,,,,,2021-02-19T04:10,https://www.jma.go.jp/jp/warn/318_table.html
31850,JP-12,千葉県,南部,夷隅・安房,南房総市,,,,,,,,,,,,,,,,,,1,,,,,,2021-02-19T04:10,https://www.jma.go.jp/jp/warn/318_table.html
31851,JP-12,千葉県,南部,夷隅・安房,いすみ市,,,,,,,,,,,,,,,,,,1,,,,,,2021-02-19T04:10,https://www.jma.go.jp/jp/warn/318_table.html
31852,JP-12,千葉県,南部,夷隅・安房,大多喜町,,,,,,,,,,,,,,,,,,1,,,,,,2021-02-19T04:10,https://www.jma.go.jp/jp/warn/318_table.html
31853,JP-12,千葉県,南部,夷隅・安房,御宿町,,,,,,,,,,,,,,,,,,1,,,,,,2021-02-19T04:10,https://www.jma.go.jp/jp/warn/318_table.html
31854,JP-12,千葉県,南部,夷隅・安房,鋸南町,,,,,,,,,,,,,,,,,,1,,,,,,2021-02-19T04:10,https://www.jma.go.jp/jp/warn/318_table.html
31901,JP-13,東京都,東京地方,２３区西部,千代田区,,,,,,,,,,,,,,,,,,1,,,,,,2021-02-19T10:02,https://www.jma.go.jp/jp/warn/319_table.html
31902,JP-13,東京都,東京地方,２３区西部,中央区,,,,,,,,,,,,,,,,,,1,,,,,,2021-02-19T10:02,https://www.jma.go.jp/jp/warn/319_table.html
31903,JP-13,東京都,東京地方,２３区西部,港区,,,,,,,,,,,,,,,,,,1,,,,,,2021-02-19T10:02,https://www.jma.go.jp/jp/warn/319_table.html
31904,JP-13,東京都,東京地方,２３区西部,新宿区,,,,,,,,,,,,,,,,,,1,,,,,,2021-02-19T10:02,https://www.jma.go.jp/jp/warn/319_table.html
31905,JP-13,東京都,東京地方,２３区西部,文京区,,,,,,,,,,,,,,,,,,1,,,,,,2021-02-19T10:02,https://www.jma.go.jp/jp/warn/319_table.html
31906,JP-13,東京都,東京地方,２３区西部,品川区,,,,,,,,,,,,,,,,,,1,,,,,,2021-02-19T10:02,https://www.jma.go.jp/jp/warn/319_table.html
31907,JP-13,東京都,東京地方,２３区西部,目黒区,,,,,,,,,,,,,,,,,,1,,,,,,2021-02-19T10:02,https://www.jma.go.jp/jp/warn/319_table.html
31908,JP-13,東京都,東京地方,２３区西部,大田区,,,,,,,,,,,,,,,,,,1,,,,,,2021-02-19T10:02,https://www.jma.go.jp/jp/warn/319_table.html
31909,JP-13,東京都,東京地方,２３区西部,世田谷区,,,,,,,,,,,,,,,,,,1,,,,,,2021-02-19T10:02,https://www.jma.go.jp/jp/warn/319_table.html
31910,JP-13,東京都,東京地方,２３区西部,渋谷区,,,,,,,,,,,,,,,,,,1,,,,,,2021-02-19T10:02,https://www.jma.go.jp/jp/warn/319_table.html
31911,JP-13,東京都,東京地方,２３区西部,中野区,,,,,,,,,,,,,,,,,,1,,,,,,2021-02-19T10:02,https://www.jma.go.jp/jp/warn/319_table.html
31912,JP-13,東京都,東京地方,２３区西部,杉並区,,,,,,,,,,,,,,,,,,1,,,,,,2021-02-19T10:02,https://www.jma.go.jp/jp/warn/319_table.html
31913,JP-13,東京都,東京地方,２３区西部,豊島区,,,,,,,,,,,,,,,,,,1,,,,,,2021-02-19T10:02,https://www.jma.go.jp/jp/warn/319_table.html
31914,JP-13,東京都,東京地方,２３区西部,北区,,,,,,,,,,,,,,,,,,1,,,,,,2021-02-19T10:02,https://www.jma.go.jp/jp/warn/319_table.html
31915,JP-13,東京都,東京地方,２３区西部,板橋区,,,,,,,,,,,,,,,,,,1,,,,,,2021-02-19T10:02,https://www.jma.go.jp/jp/warn/319_table.html
31916,JP-13,東京都,東京地方,２３区西部,練馬区,,,,,,,,,,,,,,,,,,1,,,,,,2021-02-19T10:02,https://www.jma.go.jp/jp/warn/319_table.html
31917,JP-13,東京都,東京地方,２３区東部,台東区,,,,,,,,,,,,,,,,,,1,,,,,,2021-02-19T10:02,https://www.jma.go.jp/jp/warn/319_table.html
31918,JP-13,東京都,東京地方,２３区東部,墨田区,,,,,,,,,,,,,,,,,,1,,,,,,2021-02-19T10:02,https://www.jma.go.jp/jp/warn/319_table.html
31919,JP-13,東京都,東京地方,２３区東部,江東区,,,,,,,,,,,,,,,,,,1,,,,,,2021-02-19T10:02,https://www.jma.go.jp/jp/warn/319_table.html
31920,JP-13,東京都,東京地方,２３区東部,荒川区,,,,,,,,,,,,,,,,,,1,,,,,,2021-02-19T10:02,https://www.jma.go.jp/jp/warn/319_table.html
31921,JP-13,東京都,東京地方,２３区東部,足立区,,,,,,,,,,,,,,,,,,1,,,,,,2021-02-19T10:02,https://www.jma.go.jp/jp/warn/319_table.html
31922,JP-13,東京都,東京地方,２３区東部,葛飾区,,,,,,,,,,,,,,,,,,1,,,,,,2021-02-19T10:02,https://www.jma.go.jp/jp/warn/319_table.html
31923,JP-13,東京都,東京地方,２３区東部,江戸川区,,,,,,,,,,,,,,,,,,1,,,,,,2021-02-19T10:02,https://www.jma.go.jp/jp/warn/319_table.html
31924,JP-13,東京都,東京地方,多摩北部,立川市,,,,,,,,,,,,,,,,,,1,,,,,,2021-02-19T10:02,https://www.jma.go.jp/jp/warn/319_table.html
31925,JP-13,東京都,東京地方,多摩北部,武蔵野市,,,,,,,,,,,,,,,,,,1,,,,,,2021-02-19T10:02,https://www.jma.go.jp/jp/warn/319_table.html
31926,JP-13,東京都,東京地方,多摩北部,三鷹市,,,,,,,,,,,,,,,,,,1,,,,,,2021-02-19T10:02,https://www.jma.go.jp/jp/warn/319_table.html
31927,JP-13,東京都,東京地方,多摩北部,府中市,,,,,,,,,,,,,,,,,,1,,,,,,2021-02-19T10:02,https://www.jma.go.jp/jp/warn/319_table.html
31928,JP-13,東京都,東京地方,多摩北部,昭島市,,,,,,,,,,,,,,,,,,1,,,,,,2021-02-19T10:02,https://www.jma.go.jp/jp/warn/319_table.html
31929,JP-13,東京都,東京地方,多摩北部,調布市,,,,,,,,,,,,,,,,,,1,,,,,,2021-02-19T10:02,https://www.jma.go.jp/jp/warn/319_table.html
31930,JP-13,東京都,東京地方,多摩北部,小金井市,,,,,,,,,,,,,,,,,,1,,,,,,2021-02-19T10:02,https://www.jma.go.jp/jp/warn/319_table.html
31931,JP-13,東京都,東京地方,多摩北部,小平市,,,,,,,,,,,,,,,,,,1,,,,,,2021-02-19T10:02,https://www.jma.go.jp/jp/warn/319_table.html
31932,JP-13,東京都,東京地方,多摩北部,東村山市,,,,,,,,,,,,,,,,,,1,,,,,,2021-02-19T10:02,https://www.jma.go.jp/jp/warn/319_table.html
31933,JP-13,東京都,東京地方,多摩北部,国分寺市,,,,,,,,,,,,,,,,,,1,,,,,,2021-02-19T10:02,https://www.jma.go.jp/jp/warn/319_table.html
31934,JP-13,東京都,東京地方,多摩北部,国立市,,,,,,,,,,,,,,,,,,1,,,,,,2021-02-19T10:02,https://www.jma.go.jp/jp/warn/319_table.html
31935,JP-13,東京都,東京地方,多摩北部,狛江市,,,,,,,,,,,,,,,,,,1,,,,,,2021-02-19T10:02,https://www.jma.go.jp/jp/warn/319_table.html
31936,JP-13,東京都,東京地方,多摩北部,東大和市,,,,,,,,,,,,,,,,,,1,,,,,,2021-02-19T10:02,https://www.jma.go.jp/jp/warn/319_table.html
31937,JP-13,東京都,東京地方,多摩北部,清瀬市,,,,,,,,,,,,,,,,,,1,,,,,,2021-02-19T10:02,https://www.jma.go.jp/jp/warn/319_table.html
31938,JP-13,東京都,東京地方,多摩北部,東久留米市,,,,,,,,,,,,,,,,,,1,,,,,,2021-02-19T10:02,https://www.jma.go.jp/jp/warn/319_table.html
31939,JP-13,東京都,東京地方,多摩北部,武蔵村山市,,,,,,,,,,,,,,,,,,1,,,,,,2021-02-19T10:02,https://www.jma.go.jp/jp/warn/319_table.html
31940,JP-13,東京都,東京地方,多摩北部,西東京市,,,,,,,,,,,,,,,,,,1,,,,,,2021-02-19T10:02,https://www.jma.go.jp/jp/warn/319_table.html
31941,JP-13,東京都,東京地方,多摩西部,青梅市,,,,,,,,,,,,,,,,,,1,,,,,,2021-02-19T10:02,https://www.jma.go.jp/jp/warn/319_table.html
31942,JP-13,東京都,東京地方,多摩西部,福生市,,,,,,,,,,,,,,,,,,1,,,,,,2021-02-19T10:02,https://www.jma.go.jp/jp/warn/319_table.html
31943,JP-13,東京都,東京地方,多摩西部,羽村市,,,,,,,,,,,,,,,,,,1,,,,,,2021-02-19T10:02,https://www.jma.go.jp/jp/warn/319_table.html
31944,JP-13,東京都,東京地方,多摩西部,あきる野市,,,,,,,,,,,,,,,,,,1,,,,,,2021-02-19T10:02,https://www.jma.go.jp/jp/warn/319_table.html
31945,JP-13,東京都,東京地方,多摩西部,瑞穂町,,,,,,,,,,,,,,,,,,1,,,,,,2021-02-19T10:02,https://www.jma.go.jp/jp/warn/319_table.html
31946,JP-13,東京都,東京地方,多摩西部,日の出町,,,,,,,,,,,,,,,,,,1,,,,,,2021-02-19T10:02,https://www.jma.go.jp/jp/warn/319_table.html
31947,JP-13,東京都,東京地方,多摩西部,檜原村,,,,,,,,,,,,,,,,,,1,,,,,,2021-02-19T10:02,https://www.jma.go.jp/jp/warn/319_table.html
31948,JP-13,東京都,東京地方,多摩西部,奥多摩町,,,,,,,,,,,,,,,,,,1,,,,,,2021-02-19T10:02,https://www.jma.go.jp/jp/warn/319_table.html
31949,JP-13,東京都,東京地方,多摩南部,八王子市,,,,,,,,,,,,,,,,,,1,,,,,,2021-02-19T10:02,https://www.jma.go.jp/jp/warn/319_table.html
31950,JP-13,東京都,東京地方,多摩南部,町田市,,,,,,,,,,,,,,,,,,1,,,,,,2021-02-19T10:02,https://www.jma.go.jp/jp/warn/319_table.html
31951,JP-13,東京都,東京地方,多摩南部,日野市,,,,,,,,,,,,,,,,,,1,,,,,,2021-02-19T10:02,https://www.jma.go.jp/jp/warn/319_table.html
31952,JP-13,東京都,東京地方,多摩南部,多摩市,,,,,,,,,,,,,,,,,,1,,,,,,2021-02-19T10:02,https://www.jma.go.jp/jp/warn/319_table.html
31953,JP-13,東京都,東京地方,多摩南部,稲城市,,,,,,,,,,,,,,,,,,1,,,,,,2021-02-19T10:02,https://www.jma.go.jp/jp/warn/319_table.html
31954,JP-13,東京都,伊豆諸島北部,大島,大島町,,,,,,,,,,1,,,1,,,,,1,,,,,,2021-02-19T10:02,https://www.jma.go.jp/jp/warn/319_table.html
31955,JP-13,東京都,伊豆諸島北部,新島,利島村,,,,,,,,,,1,,,1,,,,,1,,,,,,2021-02-19T10:02,https://www.jma.go.jp/jp/warn/319_table.html
31956,JP-13,東京都,伊豆諸島北部,新島,新島村,,,,,,,,,,1,,,1,,,,,1,,,,,,2021-02-19T10:02,https://www.jma.go.jp/jp/warn/319_table.html
31957,JP-13,東京都,伊豆諸島北部,新島,神津島村,,,,,,,,,,1,,,1,,,,,1,,,,,,2021-02-19T10:02,https://www.jma.go.jp/jp/warn/319_table.html
31958,JP-13,東京都,伊豆諸島南部,八丈島,八丈町,,,,,,,,,,,,,1,,,,,,,,,,,2021-02-19T10:02,https://www.jma.go.jp/jp/warn/319_table.html
31959,JP-13,東京都,伊豆諸島南部,八丈島,青ヶ島村,,,,,,,,,,,,,1,,,,,,,,,,,2021-02-19T10:02,https://www.jma.go.jp/jp/warn/319_table.html
31960,JP-13,東京都,伊豆諸島南部,三宅島,三宅村,,,,,,,,,,,,,1,,,,,1,,,,,,2021-02-19T10:02,https://www.jma.go.jp/jp/warn/319_table.html
31961,JP-13,東京都,伊豆諸島南部,三宅島,御蔵島村,,,,,,,,,,,,,1,,,,,1,,,,,,2021-02-19T10:02,https://www.jma.go.jp/jp/warn/319_table.html
31962,JP-13,東京都,小笠原諸島,小笠原諸島,小笠原村,,,,,,,,,,,,,1,,,,,,,,,,,2021-02-19T10:02,https://www.jma.go.jp/jp/warn/319_table.html
32001,JP-14,神奈川県,東部,横浜・川崎,横浜市,,,,,,,,,,,,,,,,,,1,,,,,,2021-02-19T07:39,https://www.jma.go.jp/jp/warn/320_table.html
32002,JP-14,神奈川県,東部,横浜・川崎,川崎市,,,,,,,,,,,,,,,,,,1,,,,,,2021-02-19T07:39,https://www.jma.go.jp/jp/warn/320_table.html
32003,JP-14,神奈川県,東部,湘南,平塚市,,,,,,,,,,,,,,,,,,1,,,,,,2021-02-19T07:39,https://www.jma.go.jp/jp/warn/320_table.html
32004,JP-14,神奈川県,東部,湘南,藤沢市,,,,,,,,,,,,,,,,,,1,,,,,,2021-02-19T07:39,https://www.jma.go.jp/jp/warn/320_table.html
32005,JP-14,神奈川県,東部,湘南,茅ヶ崎市,,,,,,,,,,,,,,,,,,1,,,,,,2021-02-19T07:39,https://www.jma.go.jp/jp/warn/320_table.html
32006,JP-14,神奈川県,東部,湘南,大和市,,,,,,,,,,,,,,,,,,1,,,,,,2021-02-19T07:39,https://www.jma.go.jp/jp/warn/320_table.html
32007,JP-14,神奈川県,東部,湘南,海老名市,,,,,,,,,,,,,,,,,,1,,,,,,2021-02-19T07:39,https://www.jma.go.jp/jp/warn/320_table.html
32008,JP-14,神奈川県,東部,湘南,座間市,,,,,,,,,,,,,,,,,,1,,,,,,2021-02-19T07:39,https://www.jma.go.jp/jp/warn/320_table.html
32009,JP-14,神奈川県,東部,湘南,綾瀬市,,,,,,,,,,,,,,,,,,1,,,,,,2021-02-19T07:39,https://www.jma.go.jp/jp/warn/320_table.html
32010,JP-14,神奈川県,東部,湘南,寒川町,,,,,,,,,,,,,,,,,,1,,,,,,2021-02-19T07:39,https://www.jma.go.jp/jp/warn/320_table.html
32011,JP-14,神奈川県,東部,湘南,大磯町,,,,,,,,,,,,,,,,,,1,,,,,,2021-02-19T07:39,https://www.jma.go.jp/jp/warn/320_table.html
32012,JP-14,神奈川県,東部,湘南,二宮町,,,,,,,,,,,,,,,,,,1,,,,,,2021-02-19T07:39,https://www.jma.go.jp/jp/warn/320_table.html
32013,JP-14,神奈川県,東部,三浦半島,横須賀市,,,,,,,,,,,,,,,,,,1,,,,,,2021-02-19T07:39,https://www.jma.go.jp/jp/warn/320_table.html
32014,JP-14,神奈川県,東部,三浦半島,鎌倉市,,,,,,,,,,,,,,,,,,1,,,,,,2021-02-19T07:39,https://www.jma.go.jp/jp/warn/320_table.html
32015,JP-14,神奈川県,東部,三浦半島,逗子市,,,,,,,,,,,,,,,,,,1,,,,,,2021-02-19T07:39,https://www.jma.go.jp/jp/warn/320_table.html
32016,JP-14,神奈川県,東部,三浦半島,三浦市,,,,,,,,,,,,,,,,,,1,,,,,,2021-02-19T07:39,https://www.jma.go.jp/jp/warn/320_table.html
32017,JP-14,神奈川県,東部,三浦半島,葉山町,,,,,,,,,,,,,,,,,,1,,,,,,2021-02-19T07:39,https://www.jma.go.jp/jp/warn/320_table.html
32018,JP-14,神奈川県,西部,相模原,相模原市,,,,,,,,,,,,,,,,,,1,,,,,,2021-02-19T07:39,https://www.jma.go.jp/jp/warn/320_table.html
32019,JP-14,神奈川県,西部,県央,秦野市,,,,,,,,,,,,,,,,,,1,,,,,,2021-02-19T07:39,https://www.jma.go.jp/jp/warn/320_table.html
32020,JP-14,神奈川県,西部,県央,厚木市,,,,,,,,,,,,,,,,,,1,,,,,,2021-02-19T07:39,https://www.jma.go.jp/jp/warn/320_table.html
32021,JP-14,神奈川県,西部,県央,伊勢原市,,,,,,,,,,,,,,,,,,1,,,,,,2021-02-19T07:39,https://www.jma.go.jp/jp/warn/320_table.html
32022,JP-14,神奈川県,西部,県央,愛川町,,,,,,,,,,,,,,,,,,1,,,,,,2021-02-19T07:39,https://www.jma.go.jp/jp/warn/320_table.html
32023,JP-14,神奈川県,西部,県央,清川村,,,,,,,,,,,,,,,,,,1,,,,,,2021-02-19T07:39,https://www.jma.go.jp/jp/warn/320_table.html
32024,JP-14,神奈川県,西部,足柄上,南足柄市,,,,,,,,,,,,,,,,,,1,,,,,,2021-02-19T07:39,https://www.jma.go.jp/jp/warn/320_table.html
32025,JP-14,神奈川県,西部,足柄上,中井町,,,,,,,,,,,,,,,,,,1,,,,,,2021-02-19T07:39,https://www.jma.go.jp/jp/warn/320_table.html
32026,JP-14,神奈川県,西部,足柄上,大井町,,,,,,,,,,,,,,,,,,1,,,,,,2021-02-19T07:39,https://www.jma.go.jp/jp/warn/320_table.html
32027,JP-14,神奈川県,西部,足柄上,松田町,,,,,,,,,,,,,,,,,,1,,,,,,2021-02-19T07:39,https://www.jma.go.jp/jp/warn/320_table.html
32028,JP-14,神奈川県,西部,足柄上,山北町,,,,,,,,,,,,,,,,,,1,,,,,,2021-02-19T07:39,https://www.jma.go.jp/jp/warn/320_table.html
32029,JP-14,神奈川県,西部,足柄上,開成町,,,,,,,,,,,,,,,,,,1,,,,,,2021-02-19T07:39,https://www.jma.go.jp/jp/warn/320_table.html
32030,JP-14,神奈川県,西部,西湘,小田原市,,,,,,,,,,,,,,,,,,1,,,,,,2021-02-19T07:39,https://www.jma.go.jp/jp/warn/320_table.html
32031,JP-14,神奈川県,西部,西湘,箱根町,,,,,,,,,,,,,,,,,,1,,,,,,2021-02-19T07:39,https://www.jma.go.jp/jp/warn/320_table.html
32032,JP-14,神奈川県,西部,西湘,真鶴町,,,,,,,,,,,,,,,,,,1,,,,,,2021-02-19T07:39,https://www.jma.go.jp/jp/warn/320_table.html
32033,JP-14,神奈川県,西部,西湘,湯河原町,,,,,,,,,,,,,,,,,,1,,,,,,2021-02-19T07:39,https://www.jma.go.jp/jp/warn/320_table.html
32101,JP-19,山梨県,中・西部,中北地域,甲府市,,,,,,,,,,,,,,,,,,1,,,,,,2021-02-19T07:37,https://www.jma.go.jp/jp/warn/321_table.html
32102,JP-19,山梨県,中・西部,中北地域,韮崎市,,,,,,,,,,,,,,,,,,1,,,,,,2021-02-19T07:37,https://www.jma.go.jp/jp/warn/321_table.html
32103,JP-19,山梨県,中・西部,中北地域,南アルプス市,,,,,,,,,,,,,,,,,,1,,,,,,2021-02-19T07:37,https://www.jma.go.jp/jp/warn/321_table.html
32104,JP-19,山梨県,中・西部,中北地域,北杜市,,,,,,,,,,,,,,,,,,1,,,,,,2021-02-19T07:37,https://www.jma.go.jp/jp/warn/321_table.html
32105,JP-19,山梨県,中・西部,中北地域,甲斐市,,,,,,,,,,,,,,,,,,1,,,,,,2021-02-19T07:37,https://www.jma.go.jp/jp/warn/321_table.html
32106,JP-19,山梨県,中・西部,中北地域,中央市,,,,,,,,,,,,,,,,,,1,,,,,,2021-02-19T07:37,https://www.jma.go.jp/jp/warn/321_table.html
32107,JP-19,山梨県,中・西部,中北地域,昭和町,,,,,,,,,,,,,,,,,,1,,,,,,2021-02-19T07:37,https://www.jma.go.jp/jp/warn/321_table.html
32108,JP-19,山梨県,中・西部,峡東地域,山梨市,,,,,,,,,,,,,,,,,,1,,,,,,2021-02-19T07:37,https://www.jma.go.jp/jp/warn/321_table.html
32109,JP-19,山梨県,中・西部,峡東地域,笛吹市,,,,,,,,,,,,,,,,,,1,,,,,,2021-02-19T07:37,https://www.jma.go.jp/jp/warn/321_table.html
32110,JP-19,山梨県,中・西部,峡東地域,甲州市,,,,,,,,,,,,,,,,,,1,,,,,,2021-02-19T07:37,https://www.jma.go.jp/jp/warn/321_table.html
32111,JP-19,山梨県,中・西部,峡南地域,市川三郷町,,,,,,,,,,,,,,,,,,1,,,,,,2021-02-19T07:37,https://www.jma.go.jp/jp/warn/321_table.html
32112,JP-19,山梨県,中・西部,峡南地域,早川町,,,,,,,,,,,,,,,,,,1,,,,,,2021-02-19T07:37,https://www.jma.go.jp/jp/warn/321_table.html
32113,JP-19,山梨県,中・西部,峡南地域,身延町,,,,,,,,,,,,,,,,,,1,,,,,,2021-02-19T07:37,https://www.jma.go.jp/jp/warn/321_table.html
32114,JP-19,山梨県,中・西部,峡南地域,南部町,,,,,,,,,,,,,,,,,,1,,,,,,2021-02-19T07:37,https://www.jma.go.jp/jp/warn/321_table.html
32115,JP-19,山梨県,中・西部,峡南地域,富士川町,,,,,,,,,,,,,,,,,,1,,,,,,2021-02-19T07:37,https://www.jma.go.jp/jp/warn/321_table.html
32116,JP-19,山梨県,東部・富士五湖,東部,都留市,,,,,,,,,,,,,,,,,,1,,,,,,2021-02-19T07:37,https://www.jma.go.jp/jp/warn/321_table.html
32117,JP-19,山梨県,東部・富士五湖,東部,大月市,,,,,,,,,,,,,,,,,,1,,,,,,2021-02-19T07:37,https://www.jma.go.jp/jp/warn/321_table.html
32118,JP-19,山梨県,東部・富士五湖,東部,上野原市,,,,,,,,,,,,,,,,,,1,,,,,,2021-02-19T07:37,https://www.jma.go.jp/jp/warn/321_table.html
32119,JP-19,山梨県,東部・富士五湖,東部,道志村,,,,,,,,,,,,,,,,,,1,,,,,,2021-02-19T07:37,https://www.jma.go.jp/jp/warn/321_table.html
32120,JP-19,山梨県,東部・富士五湖,東部,小菅村,,,,,,,,,,,,,,,,,,1,,,,,,2021-02-19T07:37,https://www.jma.go.jp/jp/warn/321_table.html
32121,JP-19,山梨県,東部・富士五湖,東部,丹波山村,,,,,,,,,,,,,,,,,,1,,,,,,2021-02-19T07:37,https://www.jma.go.jp/jp/warn/321_table.html
32122,JP-19,山梨県,東部・富士五湖,富士五湖,富士吉田市,,,,,,,,,,,,,,,,,,1,,,,,,2021-02-19T07:37,https://www.jma.go.jp/jp/warn/321_table.html
32123,JP-19,山梨県,東部・富士五湖,富士五湖,西桂町,,,,,,,,,,,,,,,,,,1,,,,,,2021-02-19T07:37,https://www.jma.go.jp/jp/warn/321_table.html
32124,JP-19,山梨県,東部・富士五湖,富士五湖,忍野村,,,,,,,,,,,,,,,,,,1,,,,,,2021-02-19T07:37,https://www.jma.go.jp/jp/warn/321_table.html
32125,JP-19,山梨県,東部・富士五湖,富士五湖,山中湖村,,,,,,,,,,,,,,,,,,1,,,,,,2021-02-19T07:37,https://www.jma.go.jp/jp/warn/321_table.html
32126,JP-19,山梨県,東部・富士五湖,富士五湖,鳴沢村,,,,,,,,,,,,,,,,,,1,,,,,,2021-02-19T07:37,https://www.jma.go.jp/jp/warn/321_table.html
32127,JP-19,山梨県,東部・富士五湖,富士五湖,富士河口湖町,,,,,,,,,,,,,,,,,,1,,,,,,2021-02-19T07:37,https://www.jma.go.jp/jp/warn/321_table.html
32201,JP-20,長野県,北部,長野地域,長野市,,,,,,,,,,,,,,,,,,,1,,,,,2021-02-19T04:33,https://www.jma.go.jp/jp/warn/322_table.html
32202,JP-20,長野県,北部,長野地域,須坂市,,,,,,,,,,,,,,,,,,,,,,,,2021-02-19T04:33,https://www.jma.go.jp/jp/warn/322_table.html
32203,JP-20,長野県,北部,長野地域,千曲市,,,,,,,,,,,,,,,,,,,,,,,,2021-02-19T04:33,https://www.jma.go.jp/jp/warn/322_table.html
32204,JP-20,長野県,北部,長野地域,坂城町,,,,,,,,,,,,,,,,,,,,,,,,2021-02-19T04:33,https://www.jma.go.jp/jp/warn/322_table.html
32205,JP-20,長野県,北部,長野地域,小布施町,,,,,,,,,,,,,,,,,,,,,,,,2021-02-19T04:33,https://www.jma.go.jp/jp/warn/322_table.html
32206,JP-20,長野県,北部,長野地域,高山村,,,,,,,,,,,,,,,,,,,1,,,,,2021-02-19T04:33,https://www.jma.go.jp/jp/warn/322_table.html
32207,JP-20,長野県,北部,長野地域,信濃町,,,,,,,,,,,,,,,,,,,1,,,,,2021-02-19T04:33,https://www.jma.go.jp/jp/warn/322_table.html
32208,JP-20,長野県,北部,長野地域,小川村,,,,,,,,,,,,,,,,,,,1,,,,,2021-02-19T04:33,https://www.jma.go.jp/jp/warn/322_table.html
32209,JP-20,長野県,北部,長野地域,飯綱町,,,,,,,,,,,,,,,,,,,1,,,,,2021-02-19T04:33,https://www.jma.go.jp/jp/warn/322_table.html
32210,JP-20,長野県,北部,中野飯山地域,中野市,,,,,,,,,,,,,,,,,,,1,,,,,2021-02-19T04:33,https://www.jma.go.jp/jp/warn/322_table.html
32211,JP-20,長野県,北部,中野飯山地域,飯山市,,,,,,,,,,,,,,,,,,,1,,,,,2021-02-19T04:33,https://www.jma.go.jp/jp/warn/322_table.html
32212,JP-20,長野県,北部,中野飯山地域,山ノ内町,,,,,,,,,,,,,,,,,,,1,,,,,2021-02-19T04:33,https://www.jma.go.jp/jp/warn/322_table.html
32213,JP-20,長野県,北部,中野飯山地域,木島平村,,,,,,,,,,,,,,,,,,,1,,,,,2021-02-19T04:33,https://www.jma.go.jp/jp/warn/322_table.html
32214,JP-20,長野県,北部,中野飯山地域,野沢温泉村,,,,,,,,,,,,,,,,,,,1,,,,,2021-02-19T04:33,https://www.jma.go.jp/jp/warn/322_table.html
32215,JP-20,長野県,北部,中野飯山地域,栄村,,,,,,,,,,,,,,,,,,,1,,,,,2021-02-19T04:33,https://www.jma.go.jp/jp/warn/322_table.html
32216,JP-20,長野県,北部,大北地域,大町市,,,,,,,,,,,,,,,,,,,1,,,,,2021-02-19T04:33,https://www.jma.go.jp/jp/warn/322_table.html
32217,JP-20,長野県,北部,大北地域,池田町,,,,,,,,,,,,,,,,,,,,,,,,2021-02-19T04:33,https://www.jma.go.jp/jp/warn/322_table.html
32218,JP-20,長野県,北部,大北地域,松川村,,,,,,,,,,,,,,,,,,,,,,,,2021-02-19T04:33,https://www.jma.go.jp/jp/warn/322_table.html
32219,JP-20,長野県,北部,大北地域,白馬村,,,,,,,,,,,,,,,,,,,1,,,,,2021-02-19T04:33,https://www.jma.go.jp/jp/warn/322_table.html
32220,JP-20,長野県,北部,大北地域,小谷村,,,,,,,,,,,,,,,,,,,1,,,,,2021-02-19T04:33,https://www.jma.go.jp/jp/warn/322_table.html
32221,JP-20,長野県,中部,上田地域,上田市,,,,,,,,,,,,,,,,,,1,1,,,,,2021-02-19T04:33,https://www.jma.go.jp/jp/warn/322_table.html
32222,JP-20,長野県,中部,上田地域,東御市,,,,,,,,,,,,,,,,,,1,,,,,,2021-02-19T04:33,https://www.jma.go.jp/jp/warn/322_table.html
32223,JP-20,長野県,中部,上田地域,青木村,,,,,,,,,,,,,,,,,,1,,,,,,2021-02-19T04:33,https://www.jma.go.jp/jp/warn/322_table.html
32224,JP-20,長野県,中部,上田地域,長和町,,,,,,,,,,,,,,,,,,1,,,,,,2021-02-19T04:33,https://www.jma.go.jp/jp/warn/322_table.html
32225,JP-20,長野県,中部,佐久地域,小諸市,,,,,,,,,,,,,,,,,,1,,,,,,2021-02-19T04:33,https://www.jma.go.jp/jp/warn/322_table.html
32226,JP-20,長野県,中部,佐久地域,佐久市,,,,,,,,,,,,,,,,,,1,,,,,,2021-02-19T04:33,https://www.jma.go.jp/jp/warn/322_table.html
32227,JP-20,長野県,中部,佐久地域,小海町,,,,,,,,,,,,,,,,,,1,,,,,,2021-02-19T04:33,https://www.jma.go.jp/jp/warn/322_table.html
32228,JP-20,長野県,中部,佐久地域,川上村,,,,,,,,,,,,,,,,,,1,,,,,,2021-02-19T04:33,https://www.jma.go.jp/jp/warn/322_table.html
32229,JP-20,長野県,中部,佐久地域,南牧村,,,,,,,,,,,,,,,,,,1,,,,,,2021-02-19T04:33,https://www.jma.go.jp/jp/warn/322_table.html
32230,JP-20,長野県,中部,佐久地域,南相木村,,,,,,,,,,,,,,,,,,1,,,,,,2021-02-19T04:33,https://www.jma.go.jp/jp/warn/322_table.html
32231,JP-20,長野県,中部,佐久地域,北相木村,,,,,,,,,,,,,,,,,,1,,,,,,2021-02-19T04:33,https://www.jma.go.jp/jp/warn/322_table.html
32232,JP-20,長野県,中部,佐久地域,佐久穂町,,,,,,,,,,,,,,,,,,1,,,,,,2021-02-19T04:33,https://www.jma.go.jp/jp/warn/322_table.html
32233,JP-20,長野県,中部,佐久地域,軽井沢町,,,,,,,,,,,,,,,,,,1,,,,,,2021-02-19T04:33,https://www.jma.go.jp/jp/warn/322_table.html
32234,JP-20,長野県,中部,佐久地域,御代田町,,,,,,,,,,,,,,,,,,1,,,,,,2021-02-19T04:33,https://www.jma.go.jp/jp/warn/322_table.html
32235,JP-20,長野県,中部,佐久地域,立科町,,,,,,,,,,,,,,,,,,1,,,,,,2021-02-19T04:33,https://www.jma.go.jp/jp/warn/322_table.html
32236,JP-20,長野県,中部,松本地域,松本,,,,,,,,,,,,,,,,,,1,,,,,,2021-02-19T04:33,https://www.jma.go.jp/jp/warn/322_table.html
32237,JP-20,長野県,中部,松本地域,塩尻,,,,,,,,,,,,,,,,,,1,,,,,,2021-02-19T04:33,https://www.jma.go.jp/jp/warn/322_table.html
32238,JP-20,長野県,中部,松本地域,安曇野市,,,,,,,,,,,,,,,,,,1,,,,,,2021-02-19T04:33,https://www.jma.go.jp/jp/warn/322_table.html
32239,JP-20,長野県,中部,松本地域,麻績村,,,,,,,,,,,,,,,,,,1,,,,,,2021-02-19T04:33,https://www.jma.go.jp/jp/warn/322_table.html
32240,JP-20,長野県,中部,松本地域,生坂村,,,,,,,,,,,,,,,,,,1,,,,,,2021-02-19T04:33,https://www.jma.go.jp/jp/warn/322_table.html
32241,JP-20,長野県,中部,松本地域,山形村,,,,,,,,,,,,,,,,,,1,,,,,,2021-02-19T04:33,https://www.jma.go.jp/jp/warn/322_table.html
32242,JP-20,長野県,中部,松本地域,朝日村,,,,,,,,,,,,,,,,,,1,,,,,,2021-02-19T04:33,https://www.jma.go.jp/jp/warn/322_table.html
32243,JP-20,長野県,中部,松本地域,筑北村,,,,,,,,,,,,,,,,,,1,,,,,,2021-02-19T04:33,https://www.jma.go.jp/jp/warn/322_table.html
32244,JP-20,長野県,中部,乗鞍上高地地域,乗鞍上高地,,,,,,,,,,,,,,,,,,1,1,,,,,2021-02-19T04:33,https://www.jma.go.jp/jp/warn/322_table.html
32245,JP-20,長野県,中部,諏訪地域,岡谷市,,,,,,,,,,,,,,,,,,1,,,,,,2021-02-19T04:33,https://www.jma.go.jp/jp/warn/322_table.html
32246,JP-20,長野県,中部,諏訪地域,諏訪市,,,,,,,,,,,,,,,,,,1,,,,,,2021-02-19T04:33,https://www.jma.go.jp/jp/warn/322_table.html
32247,JP-20,長野県,中部,諏訪地域,茅野市,,,,,,,,,,,,,,,,,,1,,,,,,2021-02-19T04:33,https://www.jma.go.jp/jp/warn/322_table.html
32248,JP-20,長野県,中部,諏訪地域,下諏訪町,,,,,,,,,,,,,,,,,,1,,,,,,2021-02-19T04:33,https://www.jma.go.jp/jp/warn/322_table.html
32249,JP-20,長野県,中部,諏訪地域,富士見町,,,,,,,,,,,,,,,,,,1,,,,,,2021-02-19T04:33,https://www.jma.go.jp/jp/warn/322_table.html
32250,JP-20,長野県,中部,諏訪地域,原村,,,,,,,,,,,,,,,,,,1,,,,,,2021-02-19T04:33,https://www.jma.go.jp/jp/warn/322_table.html
32251,JP-20,長野県,南部,上伊那地域,伊那市,,,,,,,,,,,,,,,,,,,,,,,,2021-02-19T04:33,https://www.jma.go.jp/jp/warn/322_table.html
32252,JP-20,長野県,南部,上伊那地域,駒ヶ根市,,,,,,,,,,,,,,,,,,,,,,,,2021-02-19T04:33,https://www.jma.go.jp/jp/warn/322_table.html
32253,JP-20,長野県,南部,上伊那地域,辰野町,,,,,,,,,,,,,,,,,,,,,,,,2021-02-19T04:33,https://www.jma.go.jp/jp/warn/322_table.html
32254,JP-20,長野県,南部,上伊那地域,箕輪町,,,,,,,,,,,,,,,,,,,,,,,,2021-02-19T04:33,https://www.jma.go.jp/jp/warn/322_table.html
32255,JP-20,長野県,南部,上伊那地域,飯島町,,,,,,,,,,,,,,,,,,,,,,,,2021-02-19T04:33,https://www.jma.go.jp/jp/warn/322_table.html
32256,JP-20,長野県,南部,上伊那地域,南箕輪村,,,,,,,,,,,,,,,,,,,,,,,,2021-02-19T04:33,https://www.jma.go.jp/jp/warn/322_table.html
32257,JP-20,長野県,南部,上伊那地域,中川村,,,,,,,,,,,,,,,,,,,,,,,,2021-02-19T04:33,https://www.jma.go.jp/jp/warn/322_table.html
32258,JP-20,長野県,南部,上伊那地域,宮田村,,,,,,,,,,,,,,,,,,,,,,,,2021-02-19T04:33,https://www.jma.go.jp/jp/warn/322_table.html
32259,JP-20,長野県,南部,木曽地域,楢川,,,,,,,,,,,,,,,,,,,,,,,,2021-02-19T04:33,https://www.jma.go.jp/jp/warn/322_table.html
32260,JP-20,長野県,南部,木曽地域,上松町,,,,,,,,,,,,,,,,,,,,,,,,2021-02-19T04:33,https://www.jma.go.jp/jp/warn/322_table.html
32261,JP-20,長野県,南部,木曽地域,南木曽町,,,,,,,,,,,,,,,,,,,,,,,,2021-02-19T04:33,https://www.jma.go.jp/jp/warn/322_table.html
32262,JP-20,長野県,南部,木曽地域,木祖村,,,,,,,,,,,,,,,,,,,,,,,,2021-02-19T04:33,https://www.jma.go.jp/jp/warn/322_table.html
32263,JP-20,長野県,南部,木曽地域,王滝村,,,,,,,,,,,,,,,,,,,,,,,,2021-02-19T04:33,https://www.jma.go.jp/jp/warn/322_table.html
32264,JP-20,長野県,南部,木曽地域,大桑村,,,,,,,,,,,,,,,,,,,,,,,,2021-02-19T04:33,https://www.jma.go.jp/jp/warn/322_table.html
32265,JP-20,長野県,南部,木曽地域,木曽町,,,,,,,,,,,,,,,,,,,,,,,,2021-02-19T04:33,https://www.jma.go.jp/jp/warn/322_table.html
32266,JP-20,長野県,南部,下伊那地域,飯田市,,,,,,,,,,,,,,,,,,,,,,,,2021-02-19T04:33,https://www.jma.go.jp/jp/warn/322_table.html
32267,JP-20,長野県,南部,下伊那地域,松川町,,,,,,,,,,,,,,,,,,,,,,,,2021-02-19T04:33,https://www.jma.go.jp/jp/warn/322_table.html
32268,JP-20,長野県,南部,下伊那地域,高森町,,,,,,,,,,,,,,,,,,,,,,,,2021-02-19T04:33,https://www.jma.go.jp/jp/warn/322_table.html
32269,JP-20,長野県,南部,下伊那地域,阿南町,,,,,,,,,,,,,,,,,,,,,,,,2021-02-19T04:33,https://www.jma.go.jp/jp/warn/322_table.html
32270,JP-20,長野県,南部,下伊那地域,阿智村,,,,,,,,,,,,,,,,,,,,,,,,2021-02-19T04:33,https://www.jma.go.jp/jp/warn/322_table.html
32271,JP-20,長野県,南部,下伊那地域,平谷村,,,,,,,,,,,,,,,,,,,,,,,,2021-02-19T04:33,https://www.jma.go.jp/jp/warn/322_table.html
32272,JP-20,長野県,南部,下伊那地域,根羽村,,,,,,,,,,,,,,,,,,,,,,,,2021-02-19T04:33,https://www.jma.go.jp/jp/warn/322_table.html
32273,JP-20,長野県,南部,下伊那地域,下條村,,,,,,,,,,,,,,,,,,,,,,,,2021-02-19T04:33,https://www.jma.go.jp/jp/warn/322_table.html
32274,JP-20,長野県,南部,下伊那地域,売木村,,,,,,,,,,,,,,,,,,,,,,,,2021-02-19T04:33,https://www.jma.go.jp/jp/warn/322_table.html
32275,JP-20,長野県,南部,下伊那地域,天龍村,,,,,,,,,,,,,,,,,,,,,,,,2021-02-19T04:33,https://www.jma.go.jp/jp/warn/322_table.html
32276,JP-20,長野県,南部,下伊那地域,泰阜村,,,,,,,,,,,,,,,,,,,,,,,,2021-02-19T04:33,https://www.jma.go.jp/jp/warn/322_table.html
32277,JP-20,長野県,南部,下伊那地域,喬木村,,,,,,,,,,,,,,,,,,,,,,,,2021-02-19T04:33,https://www.jma.go.jp/jp/warn/322_table.html
32278,JP-20,長野県,南部,下伊那地域,豊丘村,,,,,,,,,,,,,,,,,,,,,,,,2021-02-19T04:33,https://www.jma.go.jp/jp/warn/322_table.html
32279,JP-20,長野県,南部,下伊那地域,大鹿村,,,,,,,,,,,,,,,,,,,,,,,,2021-02-19T04:33,https://www.jma.go.jp/jp/warn/322_table.html
32301,JP-15,新潟県,下越,新潟地域,新潟市,,,,,,,,,,,,,1,,,,,,,,,,,2021-02-19T04:10,https://www.jma.go.jp/jp/warn/323_table.html
32302,JP-15,新潟県,下越,新潟地域,燕市,,,,,,,,,,,,,,,,,,,,,,,,2021-02-19T04:10,https://www.jma.go.jp/jp/warn/323_table.html
32303,JP-15,新潟県,下越,新潟地域,阿賀野市,,,,,,,,,,,,,,,,,,,,,,,,2021-02-19T04:10,https://www.jma.go.jp/jp/warn/323_table.html
32304,JP-15,新潟県,下越,新潟地域,弥彦村,,,,,,,,,,,,,,,,,,,,,,,,2021-02-19T04:10,https://www.jma.go.jp/jp/warn/323_table.html
32305,JP-15,新潟県,下越,岩船地域,村上市,,,,,,,,,,,,,1,,,,,,1,,,,,2021-02-19T04:10,https://www.jma.go.jp/jp/warn/323_table.html
32306,JP-15,新潟県,下越,岩船地域,関川村,,,,,,,,,,,,,,,,,,,1,,,,,2021-02-19T04:10,https://www.jma.go.jp/jp/warn/323_table.html
32307,JP-15,新潟県,下越,岩船地域,粟島浦村,,,,,,,,,,,,,1,,,,,,,,,,,2021-02-19T04:10,https://www.jma.go.jp/jp/warn/323_table.html
32308,JP-15,新潟県,下越,新発田地域,新発田市,,,,,,,,,,,,,1,,,,,,1,,,,,2021-02-19T04:10,https://www.jma.go.jp/jp/warn/323_table.html
32309,JP-15,新潟県,下越,新発田地域,胎内市,,,,,,,,,,,,,1,,,,,,1,,,,,2021-02-19T04:10,https://www.jma.go.jp/jp/warn/323_table.html
32310,JP-15,新潟県,下越,新発田地域,聖籠町,,,,,,,,,,,,,1,,,,,,,,,,,2021-02-19T04:10,https://www.jma.go.jp/jp/warn/323_table.html
32311,JP-15,新潟県,下越,五泉地域,五泉市,,,,,,,,,,,,,,,,,,,1,,,,,2021-02-19T04:10,https://www.jma.go.jp/jp/warn/323_table.html
32312,JP-15,新潟県,下越,五泉地域,阿賀町,,,,,,,,,,,,,,,,,,,1,,,,,2021-02-19T04:10,https://www.jma.go.jp/jp/warn/323_table.html
32313,JP-15,新潟県,中越,長岡地域,長岡市,,,,,,,,,,,,,1,,,,,,1,,,,,2021-02-19T04:10,https://www.jma.go.jp/jp/warn/323_table.html
32314,JP-15,新潟県,中越,長岡地域,小千谷市,,,,,,,,,,,,,,,,,,,1,,,,,2021-02-19T04:10,https://www.jma.go.jp/jp/warn/323_table.html
32315,JP-15,新潟県,中越,長岡地域,見附市,,,,,,,,,,,,,,,,,,,,,,,,2021-02-19T04:10,https://www.jma.go.jp/jp/warn/323_table.html
32316,JP-15,新潟県,中越,長岡地域,出雲崎町,,,,,,,,,,,,,1,,,,,,,,,,,2021-02-19T04:10,https://www.jma.go.jp/jp/warn/323_table.html
32317,JP-15,新潟県,中越,三条地域,三条市,,,,,,,,,,,,,,,,,,,1,,,,,2021-02-19T04:10,https://www.jma.go.jp/jp/warn/323_table.html
32318,JP-15,新潟県,中越,三条地域,加茂市,,,,,,,,,,,,,,,,,,,1,,,,,2021-02-19T04:10,https://www.jma.go.jp/jp/warn/323_table.html
32319,JP-15,新潟県,中越,三条地域,田上町,,,,,,,,,,,,,,,,,,,,,,,,2021-02-19T04:10,https://www.jma.go.jp/jp/warn/323_table.html
32320,JP-15,新潟県,中越,魚沼市,魚沼市,,,,,,,,,,,,,,,,,,,1,,,,,2021-02-19T04:10,https://www.jma.go.jp/jp/warn/323_table.html
32321,JP-15,新潟県,中越,柏崎地域,柏崎市,,,,,,,,,,,,,1,,,,,,1,,,,,2021-02-19T04:10,https://www.jma.go.jp/jp/warn/323_table.html
32322,JP-15,新潟県,中越,柏崎地域,刈羽村,,,,,,,,,,,,,,,,,,,,,,,,2021-02-19T04:10,https://www.jma.go.jp/jp/warn/323_table.html
32323,JP-15,新潟県,中越,南魚沼地域,南魚沼市,,,,,,,,,,,,,,,,,,,1,,,,,2021-02-19T04:10,https://www.jma.go.jp/jp/warn/323_table.html
32324,JP-15,新潟県,中越,南魚沼地域,湯沢町,,,,,,,,,,,,,,,,,,,1,,,,,2021-02-19T04:10,https://www.jma.go.jp/jp/warn/323_table.html
32325,JP-15,新潟県,中越,十日町地域,十日町市,,,,,,,,,,,,,,,,,,,1,,,,,2021-02-19T04:10,https://www.jma.go.jp/jp/warn/323_table.html
32326,JP-15,新潟県,中越,十日町地域,津南町,,,,,,,,,,,,,,,,,,,1,,,,,2021-02-19T04:10,https://www.jma.go.jp/jp/warn/323_table.html
32327,JP-15,新潟県,上越,上越市,上越市,,,,,,,,,,,,,1,,,,,,1,,,,,2021-02-19T04:10,https://www.jma.go.jp/jp/warn/323_table.html
32328,JP-15,新潟県,上越,糸魚川市,糸魚川市,,,,,,,,,,,,,1,,,,,,1,,,,,2021-02-19T04:10,https://www.jma.go.jp/jp/warn/323_table.html
32329,JP-15,新潟県,上越,妙高市,妙高市,,,,,,,,,,,,,,,,,,,1,,,,,2021-02-19T04:10,https://www.jma.go.jp/jp/warn/323_table.html
32330,JP-15,新潟県,佐渡,佐渡,佐渡市,,,,,,,,,,,,,1,,,,,,,,,,,2021-02-19T04:10,https://www.jma.go.jp/jp/warn/323_table.html
32401,JP-16,富山県,東部,東部南,富山市,,,,,,,,,,,,,1,,,,,,1,,,,,2021-02-19T08:13,https://www.jma.go.jp/jp/warn/324_table.html
32402,JP-16,富山県,東部,東部南,舟橋村,,,,,,,,,,,,,,,,,,,,,,,,2021-02-19T08:13,https://www.jma.go.jp/jp/warn/324_table.html
32403,JP-16,富山県,東部,東部南,上市町,,,,,,,,,,,,,,,,,,,1,,,,,2021-02-19T08:13,https://www.jma.go.jp/jp/warn/324_table.html
32404,JP-16,富山県,東部,東部南,立山町,,,,,,,,,,,,,,,,,,,1,,,,,2021-02-19T08:13,https://www.jma.go.jp/jp/warn/324_table.html
32405,JP-16,富山県,東部,東部北,魚津市,,,,,,,,,,,,,1,,,,,,1,,,,,2021-02-19T08:13,https://www.jma.go.jp/jp/warn/324_table.html
32406,JP-16,富山県,東部,東部北,滑川市,,,,,,,,,,,,,1,,,,,,1,,,,,2021-02-19T08:13,https://www.jma.go.jp/jp/warn/324_table.html
32407,JP-16,富山県,東部,東部北,黒部市,,,,,,,,,,,,,1,,,,,,1,,,,,2021-02-19T08:13,https://www.jma.go.jp/jp/warn/324_table.html
32408,JP-16,富山県,東部,東部北,入善町,,,,,,,,,,,,,1,,,,,,1,,,,,2021-02-19T08:13,https://www.jma.go.jp/jp/warn/324_table.html
32409,JP-16,富山県,東部,東部北,朝日町,,,,,,,,,,,,,1,,,,,,1,,,,,2021-02-19T08:13,https://www.jma.go.jp/jp/warn/324_table.html
32410,JP-16,富山県,西部,西部北,高岡市,,,,,,,,,,,,,1,,,,,,1,,,,,2021-02-19T08:13,https://www.jma.go.jp/jp/warn/324_table.html
32411,JP-16,富山県,西部,西部北,氷見市,,,,,,,,,,,,,1,,,,,,1,,,,,2021-02-19T08:13,https://www.jma.go.jp/jp/warn/324_table.html
32412,JP-16,富山県,西部,西部北,小矢部市,,,,,,,,,,,,,,,,,,,1,,,,,2021-02-19T08:13,https://www.jma.go.jp/jp/warn/324_table.html
32413,JP-16,富山県,西部,西部北,射水市,,,,,,,,,,,,,1,,,,,,,,,,,2021-02-19T08:13,https://www.jma.go.jp/jp/warn/324_table.html
32414,JP-16,富山県,西部,西部南,砺波市,,,,,,,,,,,,,,,,,,,1,,,,,2021-02-19T08:13,https://www.jma.go.jp/jp/warn/324_table.html
32415,JP-16,富山県,西部,西部南,南砺市,,,,,,,,,,,,,,,,,,,1,,,,,2021-02-19T08:13,https://www.jma.go.jp/jp/warn/324_table.html
32501,JP-17,石川県,加賀,加賀北部,金沢市,,,,,,,,,,,,,1,,,,,,1,,,,,2021-02-19T04:23,https://www.jma.go.jp/jp/warn/325_table.html
32502,JP-17,石川県,加賀,加賀北部,かほく市,,,,,,,,,,,,,1,,,,,,1,,,,,2021-02-19T04:23,https://www.jma.go.jp/jp/warn/325_table.html
32503,JP-17,石川県,加賀,加賀北部,津幡町,,,,,,,,,,,,,,,,,,,1,,,,,2021-02-19T04:23,https://www.jma.go.jp/jp/warn/325_table.html
32504,JP-17,石川県,加賀,加賀北部,内灘町,,,,,,,,,,,,,1,,,,,,,,,,,2021-02-19T04:23,https://www.jma.go.jp/jp/warn/325_table.html
32505,JP-17,石川県,加賀,加賀南部,小松市,,,,,,,,,,,,,1,,,,,,1,,,,,2021-02-19T04:23,https://www.jma.go.jp/jp/warn/325_table.html
32506,JP-17,石川県,加賀,加賀南部,加賀市,,,,,,,,,,,,,1,,,,,,1,,,,,2021-02-19T04:23,https://www.jma.go.jp/jp/warn/325_table.html
32507,JP-17,石川県,加賀,加賀南部,白山市,,,,,,,,,,,,,1,,,,,,1,,,,,2021-02-19T04:23,https://www.jma.go.jp/jp/warn/325_table.html
32508,JP-17,石川県,加賀,加賀南部,能美市,,,,,,,,,,,,,1,,,,,,1,,,,,2021-02-19T04:23,https://www.jma.go.jp/jp/warn/325_table.html
32509,JP-17,石川県,加賀,加賀南部,野々市市,,,,,,,,,,,,,,,,,,,,,,,,2021-02-19T04:23,https://www.jma.go.jp/jp/warn/325_table.html
32510,JP-17,石川県,加賀,加賀南部,川北町,,,,,,,,,,,,,,,,,,,,,,,,2021-02-19T04:23,https://www.jma.go.jp/jp/warn/325_table.html
32511,JP-17,石川県,能登,能登北部,輪島市,,,,,,,,,,,,,1,,,,,,,,,,,2021-02-19T04:23,https://www.jma.go.jp/jp/warn/325_table.html
32512,JP-17,石川県,能登,能登北部,珠洲市,,,,,,,,,,,,,1,,,,,,,,,,,2021-02-19T04:23,https://www.jma.go.jp/jp/warn/325_table.html
32513,JP-17,石川県,能登,能登北部,穴水町,,,,,,,,,,,,,1,,,,,,,,,,,2021-02-19T04:23,https://www.jma.go.jp/jp/warn/325_table.html
32514,JP-17,石川県,能登,能登北部,能登町,,,,,,,,,,,,,1,,,,,,,,,,,2021-02-19T04:23,https://www.jma.go.jp/jp/warn/325_table.html
32515,JP-17,石川県,能登,能登南部,七尾市,,,,,,,,,,,,,1,,,,,,,,,,,2021-02-19T04:23,https://www.jma.go.jp/jp/warn/325_table.html
32516,JP-17,石川県,能登,能登南部,羽咋市,,,,,,,,,,,,,1,,,,,,,,,,,2021-02-19T04:23,https://www.jma.go.jp/jp/warn/325_table.html
32517,JP-17,石川県,能登,能登南部,志賀町,,,,,,,,,,,,,1,,,,,,,,,,,2021-02-19T04:23,https://www.jma.go.jp/jp/warn/325_table.html
32518,JP-17,石川県,能登,能登南部,宝達志水町,,,,,,,,,,,,,1,,,,,,,,,,,2021-02-19T04:23,https://www.jma.go.jp/jp/warn/325_table.html
32519,JP-17,石川県,能登,能登南部,中能登町,,,,,,,,,,,,,,,,,,,,,,,,2021-02-19T04:23,https://www.jma.go.jp/jp/warn/325_table.html
32601,JP-18,福井県,嶺北,嶺北北部,福井市,,,,,,,,,,,,,1,,,,,,,,,,,2021-02-18T21:22,https://www.jma.go.jp/jp/warn/326_table.html
32602,JP-18,福井県,嶺北,嶺北北部,あわら市,,,,,,,,,,,,,1,,,,,,,,,,,2021-02-18T21:22,https://www.jma.go.jp/jp/warn/326_table.html
32603,JP-18,福井県,嶺北,嶺北北部,坂井市,,,,,,,,,,,,,1,,,,,,,,,,,2021-02-18T21:22,https://www.jma.go.jp/jp/warn/326_table.html
32604,JP-18,福井県,嶺北,嶺北北部,永平寺町,,,,,,,,,,,,,,,,,,,,,,,,2021-02-18T21:22,https://www.jma.go.jp/jp/warn/326_table.html
32605,JP-18,福井県,嶺北,嶺北北部,越前町,,,,,,,,,,,,,1,,,,,,,,,,,2021-02-18T21:22,https://www.jma.go.jp/jp/warn/326_table.html
32606,JP-18,福井県,嶺北,嶺北南部,鯖江市,,,,,,,,,,,,,,,,,,,,,,,,2021-02-18T21:22,https://www.jma.go.jp/jp/warn/326_table.html
32607,JP-18,福井県,嶺北,嶺北南部,越前市,,,,,,,,,,,,,,,,,,,,,,,,2021-02-18T21:22,https://www.jma.go.jp/jp/warn/326_table.html
32608,JP-18,福井県,嶺北,嶺北南部,池田町,,,,,,,,,,,,,,,,,,,,,,,,2021-02-18T21:22,https://www.jma.go.jp/jp/warn/326_table.html
32609,JP-18,福井県,嶺北,嶺北南部,南越前町,,,,,,,,,,,,,1,,,,,,,,,,,2021-02-18T21:22,https://www.jma.go.jp/jp/warn/326_table.html
32610,JP-18,福井県,嶺北,奥越,大野市,,,,,,,,,,,,,,,,,,,,,,,,2021-02-18T21:22,https://www.jma.go.jp/jp/warn/326_table.html
32611,JP-18,福井県,嶺北,奥越,勝山市,,,,,,,,,,,,,,,,,,,,,,,,2021-02-18T21:22,https://www.jma.go.jp/jp/warn/326_table.html
32612,JP-18,福井県,嶺南,嶺南東部,敦賀市,,,,,,,,,,,,,1,,,,,,,,,,,2021-02-18T21:22,https://www.jma.go.jp/jp/warn/326_table.html
32613,JP-18,福井県,嶺南,嶺南東部,美浜町,,,,,,,,,,,,,1,,,,,,,,,,,2021-02-18T21:22,https://www.jma.go.jp/jp/warn/326_table.html
32614,JP-18,福井県,嶺南,嶺南東部,若狭町,,,,,,,,,,,,,1,,,,,,,,,,,2021-02-18T21:22,https://www.jma.go.jp/jp/warn/326_table.html
32615,JP-18,福井県,嶺南,嶺南西部,小浜市,,,,,,,,,,,,,1,,,,,,,,,,,2021-02-18T21:22,https://www.jma.go.jp/jp/warn/326_table.html
32616,JP-18,福井県,嶺南,嶺南西部,高浜町,,,,,,,,,,,,,1,,,,,,,,,,,2021-02-18T21:22,https://www.jma.go.jp/jp/warn/326_table.html
32617,JP-18,福井県,嶺南,嶺南西部,おおい町,,,,,,,,,,,,,1,,,,,,,,,,,2021-02-18T21:22,https://www.jma.go.jp/jp/warn/326_table.html
32701,JP-22,静岡県,中部,中部南,静岡市南部,,,,,,,,,,,,,,,,,,1,,,,,,2021-02-19T10:13,https://www.jma.go.jp/jp/warn/327_table.html
32702,JP-22,静岡県,中部,中部南,島田市,,,,,,,,,,,,,,,,,,1,,,,,,2021-02-19T10:13,https://www.jma.go.jp/jp/warn/327_table.html
32703,JP-22,静岡県,中部,中部南,焼津市,,,,,,,,,,,,,,,,,,1,,,,,,2021-02-19T10:13,https://www.jma.go.jp/jp/warn/327_table.html
32704,JP-22,静岡県,中部,中部南,藤枝市,,,,,,,,,,,,,,,,,,1,,,,,,2021-02-19T10:13,https://www.jma.go.jp/jp/warn/327_table.html
32705,JP-22,静岡県,中部,中部南,牧之原市,,,,,,,,,,,,,,,,,,1,,,,,,2021-02-19T10:13,https://www.jma.go.jp/jp/warn/327_table.html
32706,JP-22,静岡県,中部,中部南,吉田町,,,,,,,,,,,,,,,,,,1,,,,,,2021-02-19T10:13,https://www.jma.go.jp/jp/warn/327_table.html
32707,JP-22,静岡県,中部,中部北,静岡市北部,,,,,,,,,,,,,,,,,,1,,,,,,2021-02-19T10:13,https://www.jma.go.jp/jp/warn/327_table.html
32708,JP-22,静岡県,中部,中部北,川根本町,,,,,,,,,,,,,,,,,,1,,,,,,2021-02-19T10:13,https://www.jma.go.jp/jp/warn/327_table.html
32709,JP-22,静岡県,伊豆,伊豆北,熱海市,,,,,,,,,,1,,,,,,,,1,,,,,,2021-02-19T10:13,https://www.jma.go.jp/jp/warn/327_table.html
32710,JP-22,静岡県,伊豆,伊豆北,伊東市,,,,,,,,,,1,,,,,,,,1,,,,,,2021-02-19T10:13,https://www.jma.go.jp/jp/warn/327_table.html
32711,JP-22,静岡県,伊豆,伊豆北,伊豆市,,,,,,,,,,1,,,,,,,,1,,,,,,2021-02-19T10:13,https://www.jma.go.jp/jp/warn/327_table.html
32712,JP-22,静岡県,伊豆,伊豆北,伊豆の国市,,,,,,,,,,1,,,,,,,,1,,,,,,2021-02-19T10:13,https://www.jma.go.jp/jp/warn/327_table.html
32713,JP-22,静岡県,伊豆,伊豆北,函南町,,,,,,,,,,1,,,,,,,,1,,,,,,2021-02-19T10:13,https://www.jma.go.jp/jp/warn/327_table.html
32714,JP-22,静岡県,伊豆,伊豆南,下田市,,,,,,,,,,1,,,,,,,,1,,,,,,2021-02-19T10:13,https://www.jma.go.jp/jp/warn/327_table.html
32715,JP-22,静岡県,伊豆,伊豆南,東伊豆町,,,,,,,,,,1,,,,,,,,1,,,,,,2021-02-19T10:13,https://www.jma.go.jp/jp/warn/327_table.html
32716,JP-22,静岡県,伊豆,伊豆南,河津町,,,,,,,,,,1,,,,,,,,1,,,,,,2021-02-19T10:13,https://www.jma.go.jp/jp/warn/327_table.html
32717,JP-22,静岡県,伊豆,伊豆南,南伊豆町,,,,,,,,,,1,,,,,,,,1,,,,,,2021-02-19T10:13,https://www.jma.go.jp/jp/warn/327_table.html
32718,JP-22,静岡県,伊豆,伊豆南,松崎町,,,,,,,,,,1,,,,,,,,1,,,,,,2021-02-19T10:13,https://www.jma.go.jp/jp/warn/327_table.html
32719,JP-22,静岡県,伊豆,伊豆南,西伊豆町,,,,,,,,,,1,,,,,,,,1,,,,,,2021-02-19T10:13,https://www.jma.go.jp/jp/warn/327_table.html
32720,JP-22,静岡県,東部,富士山南東,沼津市,,,,,,,,,,,,,,,,,,1,,,,,,2021-02-19T10:13,https://www.jma.go.jp/jp/warn/327_table.html
32721,JP-22,静岡県,東部,富士山南東,三島市,,,,,,,,,,,,,,,,,,1,,,,,,2021-02-19T10:13,https://www.jma.go.jp/jp/warn/327_table.html
32722,JP-22,静岡県,東部,富士山南東,御殿場市,,,,,,,,,,,,,,,,,,1,,,,,,2021-02-19T10:13,https://www.jma.go.jp/jp/warn/327_table.html
32723,JP-22,静岡県,東部,富士山南東,裾野市,,,,,,,,,,,,,,,,,,1,,,,,,2021-02-19T10:13,https://www.jma.go.jp/jp/warn/327_table.html
32724,JP-22,静岡県,東部,富士山南東,清水町,,,,,,,,,,,,,,,,,,1,,,,,,2021-02-19T10:13,https://www.jma.go.jp/jp/warn/327_table.html
32725,JP-22,静岡県,東部,富士山南東,長泉町,,,,,,,,,,,,,,,,,,1,,,,,,2021-02-19T10:13,https://www.jma.go.jp/jp/warn/327_table.html
32726,JP-22,静岡県,東部,富士山南東,小山町,,,,,,,,,,,,,,,,,,1,,,,,,2021-02-19T10:13,https://www.jma.go.jp/jp/warn/327_table.html
32727,JP-22,静岡県,東部,富士山南西,富士宮市,,,,,,,,,,,,,,,,,,1,,,,,,2021-02-19T10:13,https://www.jma.go.jp/jp/warn/327_table.html
32728,JP-22,静岡県,東部,富士山南西,富士市,,,,,,,,,,,,,,,,,,1,,,,,,2021-02-19T10:13,https://www.jma.go.jp/jp/warn/327_table.html
32729,JP-22,静岡県,西部,遠州北,浜松市北部,,,,,,,,,,,,,,,,,,,,,,,,2021-02-19T10:13,https://www.jma.go.jp/jp/warn/327_table.html
32730,JP-22,静岡県,西部,遠州南,浜松市南部,,,,,,,,,,,,,,,,,,,,,,,,2021-02-19T10:13,https://www.jma.go.jp/jp/warn/327_table.html
32731,JP-22,静岡県,西部,遠州南,磐田市,,,,,,,,,,,,,,,,,,,,,,,,2021-02-19T10:13,https://www.jma.go.jp/jp/warn/327_table.html
32732,JP-22,静岡県,西部,遠州南,掛川市,,,,,,,,,,,,,,,,,,,,,,,,2021-02-19T10:13,https://www.jma.go.jp/jp/warn/327_table.html
32733,JP-22,静岡県,西部,遠州南,袋井市,,,,,,,,,,,,,,,,,,,,,,,,2021-02-19T10:13,https://www.jma.go.jp/jp/warn/327_table.html
32734,JP-22,静岡県,西部,遠州南,湖西市,,,,,,,,,,,,,,,,,,,,,,,,2021-02-19T10:13,https://www.jma.go.jp/jp/warn/327_table.html
32735,JP-22,静岡県,西部,遠州南,御前崎市,,,,,,,,,,,,,,,,,,,,,,,,2021-02-19T10:13,https://www.jma.go.jp/jp/warn/327_table.html
32736,JP-22,静岡県,西部,遠州南,菊川市,,,,,,,,,,,,,,,,,,,,,,,,2021-02-19T10:13,https://www.jma.go.jp/jp/warn/327_table.html
32737,JP-22,静岡県,西部,遠州南,森町,,,,,,,,,,,,,,,,,,,,,,,,2021-02-19T10:13,https://www.jma.go.jp/jp/warn/327_table.html
32801,JP-21,岐阜県,美濃地方,岐阜・西濃,岐阜市,,,,,,,,,,,,,,,,,,,,,,,,2021-02-19T04:25,https://www.jma.go.jp/jp/warn/328_table.html
32802,JP-21,岐阜県,美濃地方,岐阜・西濃,大垣市,,,,,,,,,,,,,,,,,,,,,,,,2021-02-19T04:25,https://www.jma.go.jp/jp/warn/328_table.html
32803,JP-21,岐阜県,美濃地方,岐阜・西濃,羽島市,,,,,,,,,,,,,,,,,,,,,,,,2021-02-19T04:25,https://www.jma.go.jp/jp/warn/328_table.html
32804,JP-21,岐阜県,美濃地方,岐阜・西濃,各務原市,,,,,,,,,,,,,,,,,,,,,,,,2021-02-19T04:25,https://www.jma.go.jp/jp/warn/328_table.html
32805,JP-21,岐阜県,美濃地方,岐阜・西濃,山県市,,,,,,,,,,,,,,,,,,,,,,,,2021-02-19T04:25,https://www.jma.go.jp/jp/warn/328_table.html
32806,JP-21,岐阜県,美濃地方,岐阜・西濃,瑞穂市,,,,,,,,,,,,,,,,,,,,,,,,2021-02-19T04:25,https://www.jma.go.jp/jp/warn/328_table.html
32807,JP-21,岐阜県,美濃地方,岐阜・西濃,本巣市,,,,,,,,,,,,,,,,,,,,,,,,2021-02-19T04:25,https://www.jma.go.jp/jp/warn/328_table.html
32808,JP-21,岐阜県,美濃地方,岐阜・西濃,海津市,,,,,,,,,,,,,,,,,,,,,,,,2021-02-19T04:25,https://www.jma.go.jp/jp/warn/328_table.html
32809,JP-21,岐阜県,美濃地方,岐阜・西濃,岐南町,,,,,,,,,,,,,,,,,,,,,,,,2021-02-19T04:25,https://www.jma.go.jp/jp/warn/328_table.html
32810,JP-21,岐阜県,美濃地方,岐阜・西濃,笠松町,,,,,,,,,,,,,,,,,,,,,,,,2021-02-19T04:25,https://www.jma.go.jp/jp/warn/328_table.html
32811,JP-21,岐阜県,美濃地方,岐阜・西濃,養老町,,,,,,,,,,,,,,,,,,,,,,,,2021-02-19T04:25,https://www.jma.go.jp/jp/warn/328_table.html
32812,JP-21,岐阜県,美濃地方,岐阜・西濃,垂井町,,,,,,,,,,,,,,,,,,,,,,,,2021-02-19T04:25,https://www.jma.go.jp/jp/warn/328_table.html
32813,JP-21,岐阜県,美濃地方,岐阜・西濃,関ケ原町,,,,,,,,,,,,,,,,,,,,,,,,2021-02-19T04:25,https://www.jma.go.jp/jp/warn/328_table.html
32814,JP-21,岐阜県,美濃地方,岐阜・西濃,神戸町,,,,,,,,,,,,,,,,,,,,,,,,2021-02-19T04:25,https://www.jma.go.jp/jp/warn/328_table.html
32815,JP-21,岐阜県,美濃地方,岐阜・西濃,輪之内町,,,,,,,,,,,,,,,,,,,,,,,,2021-02-19T04:25,https://www.jma.go.jp/jp/warn/328_table.html
32816,JP-21,岐阜県,美濃地方,岐阜・西濃,安八町,,,,,,,,,,,,,,,,,,,,,,,,2021-02-19T04:25,https://www.jma.go.jp/jp/warn/328_table.html
32817,JP-21,岐阜県,美濃地方,岐阜・西濃,揖斐川町,,,,,,,,,,,,,,,,,,,1,,,,,2021-02-19T04:25,https://www.jma.go.jp/jp/warn/328_table.html
32818,JP-21,岐阜県,美濃地方,岐阜・西濃,大野町,,,,,,,,,,,,,,,,,,,,,,,,2021-02-19T04:25,https://www.jma.go.jp/jp/warn/328_table.html
32819,JP-21,岐阜県,美濃地方,岐阜・西濃,池田町,,,,,,,,,,,,,,,,,,,,,,,,2021-02-19T04:25,https://www.jma.go.jp/jp/warn/328_table.html
32820,JP-21,岐阜県,美濃地方,岐阜・西濃,北方町,,,,,,,,,,,,,,,,,,,,,,,,2021-02-19T04:25,https://www.jma.go.jp/jp/warn/328_table.html
32821,JP-21,岐阜県,美濃地方,東濃,多治見市,,,,,,,,,,,,,,,,,,,,,,,,2021-02-19T04:25,https://www.jma.go.jp/jp/warn/328_table.html
32822,JP-21,岐阜県,美濃地方,東濃,中津川市,,,,,,,,,,,,,,,,,,,,,,,,2021-02-19T04:25,https://www.jma.go.jp/jp/warn/328_table.html
32823,JP-21,岐阜県,美濃地方,東濃,瑞浪市,,,,,,,,,,,,,,,,,,,,,,,,2021-02-19T04:25,https://www.jma.go.jp/jp/warn/328_table.html
32824,JP-21,岐阜県,美濃地方,東濃,恵那市,,,,,,,,,,,,,,,,,,,,,,,,2021-02-19T04:25,https://www.jma.go.jp/jp/warn/328_table.html
32825,JP-21,岐阜県,美濃地方,東濃,土岐市,,,,,,,,,,,,,,,,,,,,,,,,2021-02-19T04:25,https://www.jma.go.jp/jp/warn/328_table.html
32826,JP-21,岐阜県,美濃地方,中濃,関市,,,,,,,,,,,,,,,,,,,,,,,,2021-02-19T04:25,https://www.jma.go.jp/jp/warn/328_table.html
32827,JP-21,岐阜県,美濃地方,中濃,美濃市,,,,,,,,,,,,,,,,,,,,,,,,2021-02-19T04:25,https://www.jma.go.jp/jp/warn/328_table.html
32828,JP-21,岐阜県,美濃地方,中濃,美濃加茂市,,,,,,,,,,,,,,,,,,,,,,,,2021-02-19T04:25,https://www.jma.go.jp/jp/warn/328_table.html
32829,JP-21,岐阜県,美濃地方,中濃,可児市,,,,,,,,,,,,,,,,,,,,,,,,2021-02-19T04:25,https://www.jma.go.jp/jp/warn/328_table.html
32830,JP-21,岐阜県,美濃地方,中濃,郡上市,,,,,,,,,,,,,,,,,,,1,,,,,2021-02-19T04:25,https://www.jma.go.jp/jp/warn/328_table.html
32831,JP-21,岐阜県,美濃地方,中濃,坂祝町,,,,,,,,,,,,,,,,,,,,,,,,2021-02-19T04:25,https://www.jma.go.jp/jp/warn/328_table.html
32832,JP-21,岐阜県,美濃地方,中濃,富加町,,,,,,,,,,,,,,,,,,,,,,,,2021-02-19T04:25,https://www.jma.go.jp/jp/warn/328_table.html
32833,JP-21,岐阜県,美濃地方,中濃,川辺町,,,,,,,,,,,,,,,,,,,,,,,,2021-02-19T04:25,https://www.jma.go.jp/jp/warn/328_table.html
32834,JP-21,岐阜県,美濃地方,中濃,七宗町,,,,,,,,,,,,,,,,,,,,,,,,2021-02-19T04:25,https://www.jma.go.jp/jp/warn/328_table.html
32835,JP-21,岐阜県,美濃地方,中濃,八百津町,,,,,,,,,,,,,,,,,,,,,,,,2021-02-19T04:25,https://www.jma.go.jp/jp/warn/328_table.html
32836,JP-21,岐阜県,美濃地方,中濃,白川町,,,,,,,,,,,,,,,,,,,,,,,,2021-02-19T04:25,https://www.jma.go.jp/jp/warn/328_table.html
32837,JP-21,岐阜県,美濃地方,中濃,東白川村,,,,,,,,,,,,,,,,,,,,,,,,2021-02-19T04:25,https://www.jma.go.jp/jp/warn/328_table.html
32838,JP-21,岐阜県,美濃地方,中濃,御嵩町,,,,,,,,,,,,,,,,,,,,,,,,2021-02-19T04:25,https://www.jma.go.jp/jp/warn/328_table.html
32839,JP-21,岐阜県,飛騨地方,飛騨北部,高山市,,,,,,,,,,,,,,,,,,,1,,,,,2021-02-19T04:25,https://www.jma.go.jp/jp/warn/328_table.html
32840,JP-21,岐阜県,飛騨地方,飛騨北部,飛騨市,,,,,,,,,,,,,,,,,,,1,,,,,2021-02-19T04:25,https://www.jma.go.jp/jp/warn/328_table.html
32841,JP-21,岐阜県,飛騨地方,飛騨北部,白川村,,,,,,,,,,,,,,,,,,,1,,,,,2021-02-19T04:25,https://www.jma.go.jp/jp/warn/328_table.html
32842,JP-21,岐阜県,飛騨地方,飛騨南部,下呂市,,,,,,,,,,,,,,,,,,,1,,,,,2021-02-19T04:25,https://www.jma.go.jp/jp/warn/328_table.html
32901,JP-23,愛知県,西部,尾張東部,名古屋市,,,,,,,,,,,,,,,,,,,,,,,,2021-02-19T07:21,https://www.jma.go.jp/jp/warn/329_table.html
32902,JP-23,愛知県,西部,尾張東部,瀬戸市,,,,,,,,,,,,,,,,,,,,,,,,2021-02-19T07:21,https://www.jma.go.jp/jp/warn/329_table.html
32903,JP-23,愛知県,西部,尾張東部,春日井市,,,,,,,,,,,,,,,,,,,,,,,,2021-02-19T07:21,https://www.jma.go.jp/jp/warn/329_table.html
32904,JP-23,愛知県,西部,尾張東部,犬山市,,,,,,,,,,,,,,,,,,,,,,,,2021-02-19T07:21,https://www.jma.go.jp/jp/warn/329_table.html
32905,JP-23,愛知県,西部,尾張東部,小牧市,,,,,,,,,,,,,,,,,,,,,,,,2021-02-19T07:21,https://www.jma.go.jp/jp/warn/329_table.html
32906,JP-23,愛知県,西部,尾張東部,尾張旭市,,,,,,,,,,,,,,,,,,,,,,,,2021-02-19T07:21,https://www.jma.go.jp/jp/warn/329_table.html
32907,JP-23,愛知県,西部,尾張東部,豊明市,,,,,,,,,,,,,,,,,,,,,,,,2021-02-19T07:21,https://www.jma.go.jp/jp/warn/329_table.html
32908,JP-23,愛知県,西部,尾張東部,日進市,,,,,,,,,,,,,,,,,,,,,,,,2021-02-19T07:21,https://www.jma.go.jp/jp/warn/329_table.html
32909,JP-23,愛知県,西部,尾張東部,長久手市,,,,,,,,,,,,,,,,,,,,,,,,2021-02-19T07:21,https://www.jma.go.jp/jp/warn/329_table.html
32910,JP-23,愛知県,西部,尾張東部,東郷町,,,,,,,,,,,,,,,,,,,,,,,,2021-02-19T07:21,https://www.jma.go.jp/jp/warn/329_table.html
32911,JP-23,愛知県,西部,尾張西部,一宮市,,,,,,,,,,,,,,,,,,,,,,,,2021-02-19T07:21,https://www.jma.go.jp/jp/warn/329_table.html
32912,JP-23,愛知県,西部,尾張西部,津島市,,,,,,,,,,,,,,,,,,,,,,,,2021-02-19T07:21,https://www.jma.go.jp/jp/warn/329_table.html
32913,JP-23,愛知県,西部,尾張西部,江南市,,,,,,,,,,,,,,,,,,,,,,,,2021-02-19T07:21,https://www.jma.go.jp/jp/warn/329_table.html
32914,JP-23,愛知県,西部,尾張西部,稲沢市,,,,,,,,,,,,,,,,,,,,,,,,2021-02-19T07:21,https://www.jma.go.jp/jp/warn/329_table.html
32915,JP-23,愛知県,西部,尾張西部,岩倉市,,,,,,,,,,,,,,,,,,,,,,,,2021-02-19T07:21,https://www.jma.go.jp/jp/warn/329_table.html
32916,JP-23,愛知県,西部,尾張西部,愛西市,,,,,,,,,,,,,,,,,,,,,,,,2021-02-19T07:21,https://www.jma.go.jp/jp/warn/329_table.html
32917,JP-23,愛知県,西部,尾張西部,清須市,,,,,,,,,,,,,,,,,,,,,,,,2021-02-19T07:21,https://www.jma.go.jp/jp/warn/329_table.html
32918,JP-23,愛知県,西部,尾張西部,北名古屋市,,,,,,,,,,,,,,,,,,,,,,,,2021-02-19T07:21,https://www.jma.go.jp/jp/warn/329_table.html
32919,JP-23,愛知県,西部,尾張西部,弥富市,,,,,,,,,,,,,,,,,,,,,,,,2021-02-19T07:21,https://www.jma.go.jp/jp/warn/329_table.html
32920,JP-23,愛知県,西部,尾張西部,あま市,,,,,,,,,,,,,,,,,,,,,,,,2021-02-19T07:21,https://www.jma.go.jp/jp/warn/329_table.html
32921,JP-23,愛知県,西部,尾張西部,豊山町,,,,,,,,,,,,,,,,,,,,,,,,2021-02-19T07:21,https://www.jma.go.jp/jp/warn/329_table.html
32922,JP-23,愛知県,西部,尾張西部,大口町,,,,,,,,,,,,,,,,,,,,,,,,2021-02-19T07:21,https://www.jma.go.jp/jp/warn/329_table.html
32923,JP-23,愛知県,西部,尾張西部,扶桑町,,,,,,,,,,,,,,,,,,,,,,,,2021-02-19T07:21,https://www.jma.go.jp/jp/warn/329_table.html
32924,JP-23,愛知県,西部,尾張西部,大治町,,,,,,,,,,,,,,,,,,,,,,,,2021-02-19T07:21,https://www.jma.go.jp/jp/warn/329_table.html
32925,JP-23,愛知県,西部,尾張西部,蟹江町,,,,,,,,,,,,,,,,,,,,,,,,2021-02-19T07:21,https://www.jma.go.jp/jp/warn/329_table.html
32926,JP-23,愛知県,西部,尾張西部,飛島村,,,,,,,,,,,,,,,,,,,,,,,,2021-02-19T07:21,https://www.jma.go.jp/jp/warn/329_table.html
32927,JP-23,愛知県,西部,知多地域,半田市,,,,,,,,,,,,,,,,,,,,,,,,2021-02-19T07:21,https://www.jma.go.jp/jp/warn/329_table.html
32928,JP-23,愛知県,西部,知多地域,常滑市,,,,,,,,,,,,,,,,,,,,,,,,2021-02-19T07:21,https://www.jma.go.jp/jp/warn/329_table.html
32929,JP-23,愛知県,西部,知多地域,東海市,,,,,,,,,,,,,,,,,,,,,,,,2021-02-19T07:21,https://www.jma.go.jp/jp/warn/329_table.html
32930,JP-23,愛知県,西部,知多地域,大府市,,,,,,,,,,,,,,,,,,,,,,,,2021-02-19T07:21,https://www.jma.go.jp/jp/warn/329_table.html
32931,JP-23,愛知県,西部,知多地域,知多市,,,,,,,,,,,,,,,,,,,,,,,,2021-02-19T07:21,https://www.jma.go.jp/jp/warn/329_table.html
32932,JP-23,愛知県,西部,知多地域,阿久比町,,,,,,,,,,,,,,,,,,,,,,,,2021-02-19T07:21,https://www.jma.go.jp/jp/warn/329_table.html
32933,JP-23,愛知県,西部,知多地域,東浦町,,,,,,,,,,,,,,,,,,,,,,,,2021-02-19T07:21,https://www.jma.go.jp/jp/warn/329_table.html
32934,JP-23,愛知県,西部,知多地域,南知多町,,,,,,,,,,,,,,,,,,,,,,,,2021-02-19T07:21,https://www.jma.go.jp/jp/warn/329_table.html
32935,JP-23,愛知県,西部,知多地域,美浜町,,,,,,,,,,,,,,,,,,,,,,,,2021-02-19T07:21,https://www.jma.go.jp/jp/warn/329_table.html
32936,JP-23,愛知県,西部,知多地域,武豊町,,,,,,,,,,,,,,,,,,,,,,,,2021-02-19T07:21,https://www.jma.go.jp/jp/warn/329_table.html
32937,JP-23,愛知県,西部,西三河南部,岡崎市,,,,,,,,,,,,,,,,,,,,,,,,2021-02-19T07:21,https://www.jma.go.jp/jp/warn/329_table.html
32938,JP-23,愛知県,西部,西三河南部,碧南市,,,,,,,,,,,,,,,,,,,,,,,,2021-02-19T07:21,https://www.jma.go.jp/jp/warn/329_table.html
32939,JP-23,愛知県,西部,西三河南部,刈谷市,,,,,,,,,,,,,,,,,,,,,,,,2021-02-19T07:21,https://www.jma.go.jp/jp/warn/329_table.html
32940,JP-23,愛知県,西部,西三河南部,安城市,,,,,,,,,,,,,,,,,,,,,,,,2021-02-19T07:21,https://www.jma.go.jp/jp/warn/329_table.html
32941,JP-23,愛知県,西部,西三河南部,西尾市,,,,,,,,,,,,,,,,,,,,,,,,2021-02-19T07:21,https://www.jma.go.jp/jp/warn/329_table.html
32942,JP-23,愛知県,西部,西三河南部,知立市,,,,,,,,,,,,,,,,,,,,,,,,2021-02-19T07:21,https://www.jma.go.jp/jp/warn/329_table.html
32943,JP-23,愛知県,西部,西三河南部,高浜市,,,,,,,,,,,,,,,,,,,,,,,,2021-02-19T07:21,https://www.jma.go.jp/jp/warn/329_table.html
32944,JP-23,愛知県,西部,西三河南部,幸田町,,,,,,,,,,,,,,,,,,,,,,,,2021-02-19T07:21,https://www.jma.go.jp/jp/warn/329_table.html
32945,JP-23,愛知県,西部,西三河北西部,豊田市西部,,,,,,,,,,,,,,,,,,,,,,,,2021-02-19T07:21,https://www.jma.go.jp/jp/warn/329_table.html
32946,JP-23,愛知県,西部,西三河北西部,みよし市,,,,,,,,,,,,,,,,,,,,,,,,2021-02-19T07:21,https://www.jma.go.jp/jp/warn/329_table.html
32947,JP-23,愛知県,東部,西三河北東部,豊田市東部,,,,,,,,,,,,,,,,,,,,,,,,2021-02-19T07:21,https://www.jma.go.jp/jp/warn/329_table.html
32948,JP-23,愛知県,東部,東三河北部,新城市,,,,,,,,,,,,,,,,,,,,,,,,2021-02-19T07:21,https://www.jma.go.jp/jp/warn/329_table.html
32949,JP-23,愛知県,東部,東三河北部,設楽町,,,,,,,,,,,,,,,,,,,,,,,,2021-02-19T07:21,https://www.jma.go.jp/jp/warn/329_table.html
32950,JP-23,愛知県,東部,東三河北部,東栄町,,,,,,,,,,,,,,,,,,,,,,,,2021-02-19T07:21,https://www.jma.go.jp/jp/warn/329_table.html
32951,JP-23,愛知県,東部,東三河北部,豊根村,,,,,,,,,,,,,,,,,,,,,,,,2021-02-19T07:21,https://www.jma.go.jp/jp/warn/329_table.html
32952,JP-23,愛知県,東部,東三河南部,豊橋市,,,,,,,,,,,,,,,,,,,,,,,,2021-02-19T07:21,https://www.jma.go.jp/jp/warn/329_table.html
32953,JP-23,愛知県,東部,東三河南部,豊川市,,,,,,,,,,,,,,,,,,,,,,,,2021-02-19T07:21,https://www.jma.go.jp/jp/warn/329_table.html
32954,JP-23,愛知県,東部,東三河南部,蒲郡市,,,,,,,,,,,,,,,,,,,,,,,,2021-02-19T07:21,https://www.jma.go.jp/jp/warn/329_table.html
32955,JP-23,愛知県,東部,東三河南部,田原市,,,,,,,,,,,,,,,,,,,,,,,,2021-02-19T07:21,https://www.jma.go.jp/jp/warn/329_table.html
33001,JP-24,三重県,北中部,中部,津市,,,,,,,,,,,,,,,,,,1,,,,,,2021-02-19T04:26,https://www.jma.go.jp/jp/warn/330_table.html
33002,JP-24,三重県,北中部,中部,松阪市,,,,,,,,,,,,,,,,,,1,,,,,,2021-02-19T04:26,https://www.jma.go.jp/jp/warn/330_table.html
33003,JP-24,三重県,北中部,中部,多気町,,,,,,,,,,,,,,,,,,1,,,,,,2021-02-19T04:26,https://www.jma.go.jp/jp/warn/330_table.html
33004,JP-24,三重県,北中部,中部,明和町,,,,,,,,,,,,,,,,,,1,,,,,,2021-02-19T04:26,https://www.jma.go.jp/jp/warn/330_table.html
33005,JP-24,三重県,北中部,北部,四日市市,,,,,,,,,,,,,,,,,,,,,,,,2021-02-19T04:26,https://www.jma.go.jp/jp/warn/330_table.html
33006,JP-24,三重県,北中部,北部,桑名市,,,,,,,,,,,,,,,,,,,,,,,,2021-02-19T04:26,https://www.jma.go.jp/jp/warn/330_table.html
33007,JP-24,三重県,北中部,北部,鈴鹿市,,,,,,,,,,,,,,,,,,,,,,,,2021-02-19T04:26,https://www.jma.go.jp/jp/warn/330_table.html
33008,JP-24,三重県,北中部,北部,亀山市,,,,,,,,,,,,,,,,,,,,,,,,2021-02-19T04:26,https://www.jma.go.jp/jp/warn/330_table.html
33009,JP-24,三重県,北中部,北部,いなべ市,,,,,,,,,,,,,,,,,,,,,,,,2021-02-19T04:26,https://www.jma.go.jp/jp/warn/330_table.html
33010,JP-24,三重県,北中部,北部,木曽岬町,,,,,,,,,,,,,,,,,,,,,,,,2021-02-19T04:26,https://www.jma.go.jp/jp/warn/330_table.html
33011,JP-24,三重県,北中部,北部,東員町,,,,,,,,,,,,,,,,,,,,,,,,2021-02-19T04:26,https://www.jma.go.jp/jp/warn/330_table.html
33012,JP-24,三重県,北中部,北部,菰野町,,,,,,,,,,,,,,,,,,,,,,,,2021-02-19T04:26,https://www.jma.go.jp/jp/warn/330_table.html
33013,JP-24,三重県,北中部,北部,朝日町,,,,,,,,,,,,,,,,,,,,,,,,2021-02-19T04:26,https://www.jma.go.jp/jp/warn/330_table.html
33014,JP-24,三重県,北中部,北部,川越町,,,,,,,,,,,,,,,,,,,,,,,,2021-02-19T04:26,https://www.jma.go.jp/jp/warn/330_table.html
33015,JP-24,三重県,北中部,伊賀,名張市,,,,,,,,,,,,,,,,,,,,,,,,2021-02-19T04:26,https://www.jma.go.jp/jp/warn/330_table.html
33016,JP-24,三重県,北中部,伊賀,伊賀市,,,,,,,,,,,,,,,,,,,,,,,,2021-02-19T04:26,https://www.jma.go.jp/jp/warn/330_table.html
33017,JP-24,三重県,南部,伊勢志摩,伊勢市,,,,,,,,,,,,,,,,,,1,,,,,,2021-02-19T04:26,https://www.jma.go.jp/jp/warn/330_table.html
33018,JP-24,三重県,南部,伊勢志摩,鳥羽市,,,,,,,,,,,,,,,,,,1,,,,,,2021-02-19T04:26,https://www.jma.go.jp/jp/warn/330_table.html
33019,JP-24,三重県,南部,伊勢志摩,志摩市,,,,,,,,,,,,,,,,,,1,,,,,,2021-02-19T04:26,https://www.jma.go.jp/jp/warn/330_table.html
33020,JP-24,三重県,南部,伊勢志摩,玉城町,,,,,,,,,,,,,,,,,,1,,,,,,2021-02-19T04:26,https://www.jma.go.jp/jp/warn/330_table.html
33021,JP-24,三重県,南部,伊勢志摩,度会町,,,,,,,,,,,,,,,,,,1,,,,,,2021-02-19T04:26,https://www.jma.go.jp/jp/warn/330_table.html
33022,JP-24,三重県,南部,伊勢志摩,南伊勢町,,,,,,,,,,,,,,,,,,1,,,,,,2021-02-19T04:26,https://www.jma.go.jp/jp/warn/330_table.html
33023,JP-24,三重県,南部,紀勢・東紀州,尾鷲市,,,,,,,,,,,,,,,,,,1,,,,,,2021-02-19T04:26,https://www.jma.go.jp/jp/warn/330_table.html
33024,JP-24,三重県,南部,紀勢・東紀州,熊野市,,,,,,,,,,,,,,,,,,1,,,,,,2021-02-19T04:26,https://www.jma.go.jp/jp/warn/330_table.html
33025,JP-24,三重県,南部,紀勢・東紀州,大台町,,,,,,,,,,,,,,,,,,1,,,,,,2021-02-19T04:26,https://www.jma.go.jp/jp/warn/330_table.html
33026,JP-24,三重県,南部,紀勢・東紀州,大紀町,,,,,,,,,,,,,,,,,,1,,,,,,2021-02-19T04:26,https://www.jma.go.jp/jp/warn/330_table.html
33027,JP-24,三重県,南部,紀勢・東紀州,紀北町,,,,,,,,,,,,,,,,,,1,,,,,,2021-02-19T04:26,https://www.jma.go.jp/jp/warn/330_table.html
33028,JP-24,三重県,南部,紀勢・東紀州,御浜町,,,,,,,,,,,,,,,,,,1,,,,,,2021-02-19T04:26,https://www.jma.go.jp/jp/warn/330_table.html
33029,JP-24,三重県,南部,紀勢・東紀州,紀宝町,,,,,,,,,,,,,,,,,,1,,,,,,2021-02-19T04:26,https://www.jma.go.jp/jp/warn/330_table.html
33101,JP-27,大阪府,大阪府,大阪市,大阪市,,,,,,,,,,,,,,,,,,1,,,,,,2021-02-19T10:03,https://www.jma.go.jp/jp/warn/331_table.html
33102,JP-27,大阪府,大阪府,北大阪,豊中市,,,,,,,,,,,,,,,,,,1,,,,,,2021-02-19T10:03,https://www.jma.go.jp/jp/warn/331_table.html
33103,JP-27,大阪府,大阪府,北大阪,池田市,,,,,,,,,,,,,,,,,,1,,,,,,2021-02-19T10:03,https://www.jma.go.jp/jp/warn/331_table.html
33104,JP-27,大阪府,大阪府,北大阪,吹田市,,,,,,,,,,,,,,,,,,1,,,,,,2021-02-19T10:03,https://www.jma.go.jp/jp/warn/331_table.html
33105,JP-27,大阪府,大阪府,北大阪,高槻市,,,,,,,,,,,,,,,,,,1,,,,,,2021-02-19T10:03,https://www.jma.go.jp/jp/warn/331_table.html
33106,JP-27,大阪府,大阪府,北大阪,茨木市,,,,,,,,,,,,,,,,,,1,,,,,,2021-02-19T10:03,https://www.jma.go.jp/jp/warn/331_table.html
33107,JP-27,大阪府,大阪府,北大阪,箕面市,,,,,,,,,,,,,,,,,,1,,,,,,2021-02-19T10:03,https://www.jma.go.jp/jp/warn/331_table.html
33108,JP-27,大阪府,大阪府,北大阪,摂津市,,,,,,,,,,,,,,,,,,1,,,,,,2021-02-19T10:03,https://www.jma.go.jp/jp/warn/331_table.html
33109,JP-27,大阪府,大阪府,北大阪,島本町,,,,,,,,,,,,,,,,,,1,,,,,,2021-02-19T10:03,https://www.jma.go.jp/jp/warn/331_table.html
33110,JP-27,大阪府,大阪府,北大阪,豊能町,,,,,,,,,,,,,,,,,,1,,,,,,2021-02-19T10:03,https://www.jma.go.jp/jp/warn/331_table.html
33111,JP-27,大阪府,大阪府,北大阪,能勢町,,,,,,,,,,,,,,,,,,1,,,,,,2021-02-19T10:03,https://www.jma.go.jp/jp/warn/331_table.html
33112,JP-27,大阪府,大阪府,東部大阪,守口市,,,,,,,,,,,,,,,,,,1,,,,,,2021-02-19T10:03,https://www.jma.go.jp/jp/warn/331_table.html
33113,JP-27,大阪府,大阪府,東部大阪,枚方市,,,,,,,,,,,,,,,,,,1,,,,,,2021-02-19T10:03,https://www.jma.go.jp/jp/warn/331_table.html
33114,JP-27,大阪府,大阪府,東部大阪,八尾市,,,,,,,,,,,,,,,,,,1,,,,,,2021-02-19T10:03,https://www.jma.go.jp/jp/warn/331_table.html
33115,JP-27,大阪府,大阪府,東部大阪,寝屋川市,,,,,,,,,,,,,,,,,,1,,,,,,2021-02-19T10:03,https://www.jma.go.jp/jp/warn/331_table.html
33116,JP-27,大阪府,大阪府,東部大阪,大東市,,,,,,,,,,,,,,,,,,1,,,,,,2021-02-19T10:03,https://www.jma.go.jp/jp/warn/331_table.html
33117,JP-27,大阪府,大阪府,東部大阪,柏原市,,,,,,,,,,,,,,,,,,1,,,,,,2021-02-19T10:03,https://www.jma.go.jp/jp/warn/331_table.html
33118,JP-27,大阪府,大阪府,東部大阪,門真市,,,,,,,,,,,,,,,,,,1,,,,,,2021-02-19T10:03,https://www.jma.go.jp/jp/warn/331_table.html
33119,JP-27,大阪府,大阪府,東部大阪,東大阪市,,,,,,,,,,,,,,,,,,1,,,,,,2021-02-19T10:03,https://www.jma.go.jp/jp/warn/331_table.html
33120,JP-27,大阪府,大阪府,東部大阪,四條畷市,,,,,,,,,,,,,,,,,,1,,,,,,2021-02-19T10:03,https://www.jma.go.jp/jp/warn/331_table.html
33121,JP-27,大阪府,大阪府,東部大阪,交野市,,,,,,,,,,,,,,,,,,1,,,,,,2021-02-19T10:03,https://www.jma.go.jp/jp/warn/331_table.html
33122,JP-27,大阪府,大阪府,南河内,富田林市,,,,,,,,,,,,,,,,,,1,,,,,,2021-02-19T10:03,https://www.jma.go.jp/jp/warn/331_table.html
33123,JP-27,大阪府,大阪府,南河内,河内長野市,,,,,,,,,,,,,,,,,,1,,,,,,2021-02-19T10:03,https://www.jma.go.jp/jp/warn/331_table.html
33124,JP-27,大阪府,大阪府,南河内,松原市,,,,,,,,,,,,,,,,,,1,,,,,,2021-02-19T10:03,https://www.jma.go.jp/jp/warn/331_table.html
33125,JP-27,大阪府,大阪府,南河内,羽曳野市,,,,,,,,,,,,,,,,,,1,,,,,,2021-02-19T10:03,https://www.jma.go.jp/jp/warn/331_table.html
33126,JP-27,大阪府,大阪府,南河内,藤井寺市,,,,,,,,,,,,,,,,,,1,,,,,,2021-02-19T10:03,https://www.jma.go.jp/jp/warn/331_table.html
33127,JP-27,大阪府,大阪府,南河内,大阪狭山市,,,,,,,,,,,,,,,,,,1,,,,,,2021-02-19T10:03,https://www.jma.go.jp/jp/warn/331_table.html
33128,JP-27,大阪府,大阪府,南河内,太子町,,,,,,,,,,,,,,,,,,1,,,,,,2021-02-19T10:03,https://www.jma.go.jp/jp/warn/331_table.html
33129,JP-27,大阪府,大阪府,南河内,河南町,,,,,,,,,,,,,,,,,,1,,,,,,2021-02-19T10:03,https://www.jma.go.jp/jp/warn/331_table.html
33130,JP-27,大阪府,大阪府,南河内,千早赤阪村,,,,,,,,,,,,,,,,,,1,,,,,,2021-02-19T10:03,https://www.jma.go.jp/jp/warn/331_table.html
33131,JP-27,大阪府,大阪府,泉州,堺市,,,,,,,,,,,,,,,,,,1,,,,,,2021-02-19T10:03,https://www.jma.go.jp/jp/warn/331_table.html
33132,JP-27,大阪府,大阪府,泉州,岸和田市,,,,,,,,,,,,,,,,,,1,,,,,,2021-02-19T10:03,https://www.jma.go.jp/jp/warn/331_table.html
33133,JP-27,大阪府,大阪府,泉州,泉大津市,,,,,,,,,,,,,,,,,,1,,,,,,2021-02-19T10:03,https://www.jma.go.jp/jp/warn/331_table.html
33134,JP-27,大阪府,大阪府,泉州,貝塚市,,,,,,,,,,,,,,,,,,1,,,,,,2021-02-19T10:03,https://www.jma.go.jp/jp/warn/331_table.html
33135,JP-27,大阪府,大阪府,泉州,泉佐野市,,,,,,,,,,,,,,,,,,1,,,,,,2021-02-19T10:03,https://www.jma.go.jp/jp/warn/331_table.html
33136,JP-27,大阪府,大阪府,泉州,和泉市,,,,,,,,,,,,,,,,,,1,,,,,,2021-02-19T10:03,https://www.jma.go.jp/jp/warn/331_table.html
33137,JP-27,大阪府,大阪府,泉州,高石市,,,,,,,,,,,,,,,,,,1,,,,,,2021-02-19T10:03,https://www.jma.go.jp/jp/warn/331_table.html
33138,JP-27,大阪府,大阪府,泉州,泉南市,,,,,,,,,,,,,,,,,,1,,,,,,2021-02-19T10:03,https://www.jma.go.jp/jp/warn/331_table.html
33139,JP-27,大阪府,大阪府,泉州,阪南市,,,,,,,,,,,,,,,,,,1,,,,,,2021-02-19T10:03,https://www.jma.go.jp/jp/warn/331_table.html
33140,JP-27,大阪府,大阪府,泉州,忠岡町,,,,,,,,,,,,,,,,,,1,,,,,,2021-02-19T10:03,https://www.jma.go.jp/jp/warn/331_table.html
33141,JP-27,大阪府,大阪府,泉州,熊取町,,,,,,,,,,,,,,,,,,1,,,,,,2021-02-19T10:03,https://www.jma.go.jp/jp/warn/331_table.html
33142,JP-27,大阪府,大阪府,泉州,田尻町,,,,,,,,,,,,,,,,,,1,,,,,,2021-02-19T10:03,https://www.jma.go.jp/jp/warn/331_table.html
33143,JP-27,大阪府,大阪府,泉州,岬町,,,,,,,,,,,,,,,,,,1,,,,,,2021-02-19T10:03,https://www.jma.go.jp/jp/warn/331_table.html
33201,JP-28,兵庫県,南部,阪神,神戸市,,,,,,,,,,,,,,,,,,1,,,,,,2021-02-19T09:48,https://www.jma.go.jp/jp/warn/332_table.html
33202,JP-28,兵庫県,南部,阪神,尼崎市,,,,,,,,,,,,,,,,,,1,,,,,,2021-02-19T09:48,https://www.jma.go.jp/jp/warn/332_table.html
33203,JP-28,兵庫県,南部,阪神,西宮市,,,,,,,,,,,,,,,,,,1,,,,,,2021-02-19T09:48,https://www.jma.go.jp/jp/warn/332_table.html
33204,JP-28,兵庫県,南部,阪神,芦屋市,,,,,,,,,,,,,,,,,,1,,,,,,2021-02-19T09:48,https://www.jma.go.jp/jp/warn/332_table.html
33205,JP-28,兵庫県,南部,阪神,伊丹市,,,,,,,,,,,,,,,,,,1,,,,,,2021-02-19T09:48,https://www.jma.go.jp/jp/warn/332_table.html
33206,JP-28,兵庫県,南部,阪神,宝塚市,,,,,,,,,,,,,,,,,,1,,,,,,2021-02-19T09:48,https://www.jma.go.jp/jp/warn/332_table.html
33207,JP-28,兵庫県,南部,阪神,川西市,,,,,,,,,,,,,,,,,,1,,,,,,2021-02-19T09:48,https://www.jma.go.jp/jp/warn/332_table.html
33208,JP-28,兵庫県,南部,阪神,三田市,,,,,,,,,,,,,,,,,,1,,,,,,2021-02-19T09:48,https://www.jma.go.jp/jp/warn/332_table.html
33209,JP-28,兵庫県,南部,阪神,猪名川町,,,,,,,,,,,,,,,,,,1,,,,,,2021-02-19T09:48,https://www.jma.go.jp/jp/warn/332_table.html
33210,JP-28,兵庫県,南部,北播丹波,西脇市,,,,,,,,,,,,,,,,,,1,,,,,,2021-02-19T09:48,https://www.jma.go.jp/jp/warn/332_table.html
33211,JP-28,兵庫県,南部,北播丹波,丹波篠山市,,,,,,,,,,,,,,,,,,1,,,,,,2021-02-19T09:48,https://www.jma.go.jp/jp/warn/332_table.html
33212,JP-28,兵庫県,南部,北播丹波,丹波市,,,,,,,,,,,,,,,,,,1,,,,,,2021-02-19T09:48,https://www.jma.go.jp/jp/warn/332_table.html
33213,JP-28,兵庫県,南部,北播丹波,多可町,,,,,,,,,,,,,,,,,,1,,,,,,2021-02-19T09:48,https://www.jma.go.jp/jp/warn/332_table.html
33214,JP-28,兵庫県,南部,播磨北西部,宍粟市,,,,,,,,,,,,,,,,,,1,1,,,,,2021-02-19T09:48,https://www.jma.go.jp/jp/warn/332_table.html
33215,JP-28,兵庫県,南部,播磨北西部,市川町,,,,,,,,,,,,,,,,,,1,,,,,,2021-02-19T09:48,https://www.jma.go.jp/jp/warn/332_table.html
33216,JP-28,兵庫県,南部,播磨北西部,福崎町,,,,,,,,,,,,,,,,,,1,,,,,,2021-02-19T09:48,https://www.jma.go.jp/jp/warn/332_table.html
33217,JP-28,兵庫県,南部,播磨北西部,神河町,,,,,,,,,,,,,,,,,,1,,,,,,2021-02-19T09:48,https://www.jma.go.jp/jp/warn/332_table.html
33218,JP-28,兵庫県,南部,播磨北西部,佐用町,,,,,,,,,,,,,,,,,,1,,,,,,2021-02-19T09:48,https://www.jma.go.jp/jp/warn/332_table.html
33219,JP-28,兵庫県,南部,播磨南東部,明石市,,,,,,,,,,,,,,,,,,1,,,,,,2021-02-19T09:48,https://www.jma.go.jp/jp/warn/332_table.html
33220,JP-28,兵庫県,南部,播磨南東部,加古川市,,,,,,,,,,,,,,,,,,1,,,,,,2021-02-19T09:48,https://www.jma.go.jp/jp/warn/332_table.html
33221,JP-28,兵庫県,南部,播磨南東部,三木市,,,,,,,,,,,,,,,,,,1,,,,,,2021-02-19T09:48,https://www.jma.go.jp/jp/warn/332_table.html
33222,JP-28,兵庫県,南部,播磨南東部,高砂市,,,,,,,,,,,,,,,,,,1,,,,,,2021-02-19T09:48,https://www.jma.go.jp/jp/warn/332_table.html
33223,JP-28,兵庫県,南部,播磨南東部,小野市,,,,,,,,,,,,,,,,,,1,,,,,,2021-02-19T09:48,https://www.jma.go.jp/jp/warn/332_table.html
33224,JP-28,兵庫県,南部,播磨南東部,加西市,,,,,,,,,,,,,,,,,,1,,,,,,2021-02-19T09:48,https://www.jma.go.jp/jp/warn/332_table.html
33225,JP-28,兵庫県,南部,播磨南東部,加東市,,,,,,,,,,,,,,,,,,1,,,,,,2021-02-19T09:48,https://www.jma.go.jp/jp/warn/332_table.html
33226,JP-28,兵庫県,南部,播磨南東部,稲美町,,,,,,,,,,,,,,,,,,1,,,,,,2021-02-19T09:48,https://www.jma.go.jp/jp/warn/332_table.html
33227,JP-28,兵庫県,南部,播磨南東部,播磨町,,,,,,,,,,,,,,,,,,1,,,,,,2021-02-19T09:48,https://www.jma.go.jp/jp/warn/332_table.html
33228,JP-28,兵庫県,南部,播磨南西部,姫路市,,,,,,,,,,,,,,,,,,1,,,,,,2021-02-19T09:48,https://www.jma.go.jp/jp/warn/332_table.html
33229,JP-28,兵庫県,南部,播磨南西部,相生市,,,,,,,,,,,,,,,,,,1,,,,,,2021-02-19T09:48,https://www.jma.go.jp/jp/warn/332_table.html
33230,JP-28,兵庫県,南部,播磨南西部,赤穂市,,,,,,,,,,,,,,,,,,1,,,,,,2021-02-19T09:48,https://www.jma.go.jp/jp/warn/332_table.html
33231,JP-28,兵庫県,南部,播磨南西部,たつの市,,,,,,,,,,,,,,,,,,1,,,,,,2021-02-19T09:48,https://www.jma.go.jp/jp/warn/332_table.html
33232,JP-28,兵庫県,南部,播磨南西部,太子町,,,,,,,,,,,,,,,,,,1,,,,,,2021-02-19T09:48,https://www.jma.go.jp/jp/warn/332_table.html
33233,JP-28,兵庫県,南部,播磨南西部,上郡町,,,,,,,,,,,,,,,,,,1,,,,,,2021-02-19T09:48,https://www.jma.go.jp/jp/warn/332_table.html
33234,JP-28,兵庫県,南部,淡路島,洲本市,,,,,,,,,,,,,,,,,,1,,,,,,2021-02-19T09:48,https://www.jma.go.jp/jp/warn/332_table.html
33235,JP-28,兵庫県,南部,淡路島,南あわじ市,,,,,,,,,,,,,,,,,,1,,,,,,2021-02-19T09:48,https://www.jma.go.jp/jp/warn/332_table.html
33236,JP-28,兵庫県,南部,淡路島,淡路市,,,,,,,,,,,,,,,,,,1,,,,,,2021-02-19T09:48,https://www.jma.go.jp/jp/warn/332_table.html
33237,JP-28,兵庫県,北部,但馬北部,豊岡市,,,,,,,,,,,,,1,,,,,,1,,,,,2021-02-19T09:48,https://www.jma.go.jp/jp/warn/332_table.html
33238,JP-28,兵庫県,北部,但馬北部,香美町,,,,,,,,,,,,,1,,,,,,1,,,,,2021-02-19T09:48,https://www.jma.go.jp/jp/warn/332_table.html
33239,JP-28,兵庫県,北部,但馬北部,新温泉町,,,,,,,,,,,,,1,,,,,,1,,,,,2021-02-19T09:48,https://www.jma.go.jp/jp/warn/332_table.html
33240,JP-28,兵庫県,北部,但馬南部,養父市,,,,,,,,,,,,,,,,,,,1,,,,,2021-02-19T09:48,https://www.jma.go.jp/jp/warn/332_table.html
33241,JP-28,兵庫県,北部,但馬南部,朝来市,,,,,,,,,,,,,,,,,,,,,,,,2021-02-19T09:48,https://www.jma.go.jp/jp/warn/332_table.html
33301,JP-26,京都府,南部,京都・亀岡,京都市,,,,,,,,,,,,,,,,,,1,,,,,,2021-02-19T09:43,https://www.jma.go.jp/jp/warn/333_table.html
33302,JP-26,京都府,南部,京都・亀岡,亀岡市,,,,,,,,,,,,,,,,,,1,,,,,,2021-02-19T09:43,https://www.jma.go.jp/jp/warn/333_table.html
33303,JP-26,京都府,南部,京都・亀岡,向日市,,,,,,,,,,,,,,,,,,1,,,,,,2021-02-19T09:43,https://www.jma.go.jp/jp/warn/333_table.html
33304,JP-26,京都府,南部,京都・亀岡,長岡京市,,,,,,,,,,,,,,,,,,1,,,,,,2021-02-19T09:43,https://www.jma.go.jp/jp/warn/333_table.html
33305,JP-26,京都府,南部,京都・亀岡,大山崎町,,,,,,,,,,,,,,,,,,1,,,,,,2021-02-19T09:43,https://www.jma.go.jp/jp/warn/333_table.html
33306,JP-26,京都府,南部,南丹・京丹波,南丹市,,,,,,,,,,,,,,,,,,1,,,,,,2021-02-19T09:43,https://www.jma.go.jp/jp/warn/333_table.html
33307,JP-26,京都府,南部,南丹・京丹波,京丹波町,,,,,,,,,,,,,,,,,,1,,,,,,2021-02-19T09:43,https://www.jma.go.jp/jp/warn/333_table.html
33308,JP-26,京都府,南部,山城中部,宇治市,,,,,,,,,,,,,,,,,,1,,,,,,2021-02-19T09:43,https://www.jma.go.jp/jp/warn/333_table.html
33309,JP-26,京都府,南部,山城中部,城陽市,,,,,,,,,,,,,,,,,,1,,,,,,2021-02-19T09:43,https://www.jma.go.jp/jp/warn/333_table.html
33310,JP-26,京都府,南部,山城中部,八幡市,,,,,,,,,,,,,,,,,,1,,,,,,2021-02-19T09:43,https://www.jma.go.jp/jp/warn/333_table.html
33311,JP-26,京都府,南部,山城中部,京田辺市,,,,,,,,,,,,,,,,,,1,,,,,,2021-02-19T09:43,https://www.jma.go.jp/jp/warn/333_table.html
33312,JP-26,京都府,南部,山城中部,久御山町,,,,,,,,,,,,,,,,,,1,,,,,,2021-02-19T09:43,https://www.jma.go.jp/jp/warn/333_table.html
33313,JP-26,京都府,南部,山城中部,井手町,,,,,,,,,,,,,,,,,,1,,,,,,2021-02-19T09:43,https://www.jma.go.jp/jp/warn/333_table.html
33314,JP-26,京都府,南部,山城中部,宇治田原町,,,,,,,,,,,,,,,,,,1,,,,,,2021-02-19T09:43,https://www.jma.go.jp/jp/warn/333_table.html
33315,JP-26,京都府,南部,山城南部,木津川市,,,,,,,,,,,,,,,,,,1,,,,,,2021-02-19T09:43,https://www.jma.go.jp/jp/warn/333_table.html
33316,JP-26,京都府,南部,山城南部,笠置町,,,,,,,,,,,,,,,,,,1,,,,,,2021-02-19T09:43,https://www.jma.go.jp/jp/warn/333_table.html
33317,JP-26,京都府,南部,山城南部,和束町,,,,,,,,,,,,,,,,,,1,,,,,,2021-02-19T09:43,https://www.jma.go.jp/jp/warn/333_table.html
33318,JP-26,京都府,南部,山城南部,精華町,,,,,,,,,,,,,,,,,,1,,,,,,2021-02-19T09:43,https://www.jma.go.jp/jp/warn/333_table.html
33319,JP-26,京都府,南部,山城南部,南山城村,,,,,,,,,,,,,,,,,,1,,,,,,2021-02-19T09:43,https://www.jma.go.jp/jp/warn/333_table.html
33320,JP-26,京都府,北部,丹後,宮津市,,,,,,,,,,,,,1,,,,,,,,,,,2021-02-19T09:43,https://www.jma.go.jp/jp/warn/333_table.html
33321,JP-26,京都府,北部,丹後,京丹後市,,,,,,,,,,,,,1,,,,,,,,,,,2021-02-19T09:43,https://www.jma.go.jp/jp/warn/333_table.html
33322,JP-26,京都府,北部,丹後,伊根町,,,,,,,,,,,,,1,,,,,,,,,,,2021-02-19T09:43,https://www.jma.go.jp/jp/warn/333_table.html
33323,JP-26,京都府,北部,丹後,与謝野町,,,,,,,,,,,,,,,,,,,,,,,,2021-02-19T09:43,https://www.jma.go.jp/jp/warn/333_table.html
33324,JP-26,京都府,北部,舞鶴・綾部,舞鶴市,,,,,,,,,,,,,1,,,,,,,,,,,2021-02-19T09:43,https://www.jma.go.jp/jp/warn/333_table.html
33325,JP-26,京都府,北部,舞鶴・綾部,綾部市,,,,,,,,,,,,,,,,,,,,,,,,2021-02-19T09:43,https://www.jma.go.jp/jp/warn/333_table.html
33326,JP-26,京都府,北部,福知山,福知山市,,,,,,,,,,,,,,,,,,,,,,,,2021-02-19T09:43,https://www.jma.go.jp/jp/warn/333_table.html
33401,JP-25,滋賀県,南部,近江南部,大津市南部,,,,,,,,,,,,,,,,,,,,,,,,2021-02-19T03:58,https://www.jma.go.jp/jp/warn/334_table.html
33402,JP-25,滋賀県,南部,近江南部,草津市,,,,,,,,,,,,,,,,,,,,,,,,2021-02-19T03:58,https://www.jma.go.jp/jp/warn/334_table.html
33403,JP-25,滋賀県,南部,近江南部,守山市,,,,,,,,,,,,,,,,,,,,,,,,2021-02-19T03:58,https://www.jma.go.jp/jp/warn/334_table.html
33404,JP-25,滋賀県,南部,近江南部,栗東市,,,,,,,,,,,,,,,,,,,,,,,,2021-02-19T03:58,https://www.jma.go.jp/jp/warn/334_table.html
33405,JP-25,滋賀県,南部,近江南部,野洲市,,,,,,,,,,,,,,,,,,,,,,,,2021-02-19T03:58,https://www.jma.go.jp/jp/warn/334_table.html
33406,JP-25,滋賀県,南部,東近江,近江八幡市,,,,,,,,,,,,,,,,,,,,,,,,2021-02-19T03:58,https://www.jma.go.jp/jp/warn/334_table.html
33407,JP-25,滋賀県,南部,東近江,東近江市,,,,,,,,,,,,,,,,,,,,,,,,2021-02-19T03:58,https://www.jma.go.jp/jp/warn/334_table.html
33408,JP-25,滋賀県,南部,東近江,日野町,,,,,,,,,,,,,,,,,,,,,,,,2021-02-19T03:58,https://www.jma.go.jp/jp/warn/334_table.html
33409,JP-25,滋賀県,南部,東近江,竜王町,,,,,,,,,,,,,,,,,,,,,,,,2021-02-19T03:58,https://www.jma.go.jp/jp/warn/334_table.html
33410,JP-25,滋賀県,南部,甲賀,甲賀市,,,,,,,,,,,,,,,,,,,,,,,,2021-02-19T03:58,https://www.jma.go.jp/jp/warn/334_table.html
33411,JP-25,滋賀県,南部,甲賀,湖南市,,,,,,,,,,,,,,,,,,,,,,,,2021-02-19T03:58,https://www.jma.go.jp/jp/warn/334_table.html
33412,JP-25,滋賀県,北部,近江西部,大津市北部,,,,,,,,,,,,,,,,,,,,,,,,2021-02-19T03:58,https://www.jma.go.jp/jp/warn/334_table.html
33413,JP-25,滋賀県,北部,近江西部,高島市,,,,,,,,,,,,,,,,,,,1,,,,,2021-02-19T03:58,https://www.jma.go.jp/jp/warn/334_table.html
33414,JP-25,滋賀県,北部,湖北,長浜市,,,,,,,,,,,,,,,,,,,1,,,,,2021-02-19T03:58,https://www.jma.go.jp/jp/warn/334_table.html
33415,JP-25,滋賀県,北部,湖北,米原市,,,,,,,,,,,,,,,,,,,1,,,,,2021-02-19T03:58,https://www.jma.go.jp/jp/warn/334_table.html
33416,JP-25,滋賀県,北部,湖東,彦根市,,,,,,,,,,,,,,,,,,,,,,,,2021-02-19T03:58,https://www.jma.go.jp/jp/warn/334_table.html
33417,JP-25,滋賀県,北部,湖東,愛荘町,,,,,,,,,,,,,,,,,,,,,,,,2021-02-19T03:58,https://www.jma.go.jp/jp/warn/334_table.html
33418,JP-25,滋賀県,北部,湖東,豊郷町,,,,,,,,,,,,,,,,,,,,,,,,2021-02-19T03:58,https://www.jma.go.jp/jp/warn/334_table.html
33419,JP-25,滋賀県,北部,湖東,甲良町,,,,,,,,,,,,,,,,,,,,,,,,2021-02-19T03:58,https://www.jma.go.jp/jp/warn/334_table.html
33420,JP-25,滋賀県,北部,湖東,多賀町,,,,,,,,,,,,,,,,,,,,,,,,2021-02-19T03:58,https://www.jma.go.jp/jp/warn/334_table.html
33501,JP-29,奈良県,北部,北西部,奈良市,,,,,,,,,,,,,,,,,,1,,,,,,2021-02-19T04:04,https://www.jma.go.jp/jp/warn/335_table.html
33502,JP-29,奈良県,北部,北西部,大和高田市,,,,,,,,,,,,,,,,,,1,,,,,,2021-02-19T04:04,https://www.jma.go.jp/jp/warn/335_table.html
33503,JP-29,奈良県,北部,北西部,大和郡山市,,,,,,,,,,,,,,,,,,1,,,,,,2021-02-19T04:04,https://www.jma.go.jp/jp/warn/335_table.html
33504,JP-29,奈良県,北部,北西部,天理市,,,,,,,,,,,,,,,,,,1,,,,,,2021-02-19T04:04,https://www.jma.go.jp/jp/warn/335_table.html
33505,JP-29,奈良県,北部,北西部,橿原市,,,,,,,,,,,,,,,,,,1,,,,,,2021-02-19T04:04,https://www.jma.go.jp/jp/warn/335_table.html
33506,JP-29,奈良県,北部,北西部,桜井市,,,,,,,,,,,,,,,,,,1,,,,,,2021-02-19T04:04,https://www.jma.go.jp/jp/warn/335_table.html
33507,JP-29,奈良県,北部,北西部,御所市,,,,,,,,,,,,,,,,,,1,,,,,,2021-02-19T04:04,https://www.jma.go.jp/jp/warn/335_table.html
33508,JP-29,奈良県,北部,北西部,生駒市,,,,,,,,,,,,,,,,,,1,,,,,,2021-02-19T04:04,https://www.jma.go.jp/jp/warn/335_table.html
33509,JP-29,奈良県,北部,北西部,香芝市,,,,,,,,,,,,,,,,,,1,,,,,,2021-02-19T04:04,https://www.jma.go.jp/jp/warn/335_table.html
33510,JP-29,奈良県,北部,北西部,葛城市,,,,,,,,,,,,,,,,,,1,,,,,,2021-02-19T04:04,https://www.jma.go.jp/jp/warn/335_table.html
33511,JP-29,奈良県,北部,北西部,平群町,,,,,,,,,,,,,,,,,,1,,,,,,2021-02-19T04:04,https://www.jma.go.jp/jp/warn/335_table.html
33512,JP-29,奈良県,北部,北西部,三郷町,,,,,,,,,,,,,,,,,,1,,,,,,2021-02-19T04:04,https://www.jma.go.jp/jp/warn/335_table.html
33513,JP-29,奈良県,北部,北西部,斑鳩町,,,,,,,,,,,,,,,,,,1,,,,,,2021-02-19T04:04,https://www.jma.go.jp/jp/warn/335_table.html
33514,JP-29,奈良県,北部,北西部,安堵町,,,,,,,,,,,,,,,,,,1,,,,,,2021-02-19T04:04,https://www.jma.go.jp/jp/warn/335_table.html
33515,JP-29,奈良県,北部,北西部,川西町,,,,,,,,,,,,,,,,,,1,,,,,,2021-02-19T04:04,https://www.jma.go.jp/jp/warn/335_table.html
33516,JP-29,奈良県,北部,北西部,三宅町,,,,,,,,,,,,,,,,,,1,,,,,,2021-02-19T04:04,https://www.jma.go.jp/jp/warn/335_table.html
33517,JP-29,奈良県,北部,北西部,田原本町,,,,,,,,,,,,,,,,,,1,,,,,,2021-02-19T04:04,https://www.jma.go.jp/jp/warn/335_table.html
33518,JP-29,奈良県,北部,北西部,高取町,,,,,,,,,,,,,,,,,,1,,,,,,2021-02-19T04:04,https://www.jma.go.jp/jp/warn/335_table.html
33519,JP-29,奈良県,北部,北西部,明日香村,,,,,,,,,,,,,,,,,,1,,,,,,2021-02-19T04:04,https://www.jma.go.jp/jp/warn/335_table.html
33520,JP-29,奈良県,北部,北西部,上牧町,,,,,,,,,,,,,,,,,,1,,,,,,2021-02-19T04:04,https://www.jma.go.jp/jp/warn/335_table.html
33521,JP-29,奈良県,北部,北西部,王寺町,,,,,,,,,,,,,,,,,,1,,,,,,2021-02-19T04:04,https://www.jma.go.jp/jp/warn/335_table.html
33522,JP-29,奈良県,北部,北西部,広陵町,,,,,,,,,,,,,,,,,,1,,,,,,2021-02-19T04:04,https://www.jma.go.jp/jp/warn/335_table.html
33523,JP-29,奈良県,北部,北西部,河合町,,,,,,,,,,,,,,,,,,1,,,,,,2021-02-19T04:04,https://www.jma.go.jp/jp/warn/335_table.html
33524,JP-29,奈良県,北部,北東部,宇陀市,,,,,,,,,,,,,,,,,,1,,,,,,2021-02-19T04:04,https://www.jma.go.jp/jp/warn/335_table.html
33525,JP-29,奈良県,北部,北東部,山添村,,,,,,,,,,,,,,,,,,1,,,,,,2021-02-19T04:04,https://www.jma.go.jp/jp/warn/335_table.html
33526,JP-29,奈良県,北部,五條・北部吉野,五條市北部,,,,,,,,,,,,,,,,,,1,,,,,,2021-02-19T04:04,https://www.jma.go.jp/jp/warn/335_table.html
33527,JP-29,奈良県,北部,五條・北部吉野,吉野町,,,,,,,,,,,,,,,,,,1,,,,,,2021-02-19T04:04,https://www.jma.go.jp/jp/warn/335_table.html
33528,JP-29,奈良県,北部,五條・北部吉野,大淀町,,,,,,,,,,,,,,,,,,1,,,,,,2021-02-19T04:04,https://www.jma.go.jp/jp/warn/335_table.html
33529,JP-29,奈良県,北部,五條・北部吉野,下市町,,,,,,,,,,,,,,,,,,1,,,,,,2021-02-19T04:04,https://www.jma.go.jp/jp/warn/335_table.html
33530,JP-29,奈良県,南部,南東部,曽爾村,,,,,,,,,,,,,,,,,,1,,,,,,2021-02-19T04:04,https://www.jma.go.jp/jp/warn/335_table.html
33531,JP-29,奈良県,南部,南東部,御杖村,,,,,,,,,,,,,,,,,,1,,,,,,2021-02-19T04:04,https://www.jma.go.jp/jp/warn/335_table.html
33532,JP-29,奈良県,南部,南東部,黒滝村,,,,,,,,,,,,,,,,,,1,,,,,,2021-02-19T04:04,https://www.jma.go.jp/jp/warn/335_table.html
33533,JP-29,奈良県,南部,南東部,天川村,,,,,,,,,,,,,,,,,,1,,,,,,2021-02-19T04:04,https://www.jma.go.jp/jp/warn/335_table.html
33534,JP-29,奈良県,南部,南東部,下北山村,,,,,,,,,,,,,,,,,,1,,,,,,2021-02-19T04:04,https://www.jma.go.jp/jp/warn/335_table.html
33535,JP-29,奈良県,南部,南東部,上北山村,,,,,,,,,,,,,,,,,,1,,,,,,2021-02-19T04:04,https://www.jma.go.jp/jp/warn/335_table.html
33536,JP-29,奈良県,南部,南東部,川上村,,,,,,,,,,,,,,,,,,1,,,,,,2021-02-19T04:04,https://www.jma.go.jp/jp/warn/335_table.html
33537,JP-29,奈良県,南部,南東部,東吉野村,,,,,,,,,,,,,,,,,,1,,,,,,2021-02-19T04:04,https://www.jma.go.jp/jp/warn/335_table.html
33538,JP-29,奈良県,南部,南西部,五條市南部,,,,,,,,,,,,,,,,,,1,,,,,,2021-02-19T04:04,https://www.jma.go.jp/jp/warn/335_table.html
33539,JP-29,奈良県,南部,南西部,野迫川村,,,,,,,,,,,,,,,,,,1,,,,,,2021-02-19T04:04,https://www.jma.go.jp/jp/warn/335_table.html
33540,JP-29,奈良県,南部,南西部,十津川村,,,,,,,,,,,,,,,,,,1,,,,,,2021-02-19T04:04,https://www.jma.go.jp/jp/warn/335_table.html
33601,JP-30,和歌山県,北部,紀北,和歌山市,,,,,,,,,,,,,,,,,,1,,,,,,2021-02-19T04:04,https://www.jma.go.jp/jp/warn/336_table.html
33602,JP-30,和歌山県,北部,紀北,海南市,,,,,,,,,,,,,,,,,,1,,,,,,2021-02-19T04:04,https://www.jma.go.jp/jp/warn/336_table.html
33603,JP-30,和歌山県,北部,紀北,橋本市,,,,,,,,,,,,,,,,,,1,,,,,,2021-02-19T04:04,https://www.jma.go.jp/jp/warn/336_table.html
33604,JP-30,和歌山県,北部,紀北,紀の川市,,,,,,,,,,,,,,,,,,1,,,,,,2021-02-19T04:04,https://www.jma.go.jp/jp/warn/336_table.html
33605,JP-30,和歌山県,北部,紀北,岩出市,,,,,,,,,,,,,,,,,,1,,,,,,2021-02-19T04:04,https://www.jma.go.jp/jp/warn/336_table.html
33606,JP-30,和歌山県,北部,紀北,紀美野町,,,,,,,,,,,,,,,,,,1,,,,,,2021-02-19T04:04,https://www.jma.go.jp/jp/warn/336_table.html
33607,JP-30,和歌山県,北部,紀北,かつらぎ町,,,,,,,,,,,,,,,,,,1,,,,,,2021-02-19T04:04,https://www.jma.go.jp/jp/warn/336_table.html
33608,JP-30,和歌山県,北部,紀北,九度山町,,,,,,,,,,,,,,,,,,1,,,,,,2021-02-19T04:04,https://www.jma.go.jp/jp/warn/336_table.html
33609,JP-30,和歌山県,北部,紀北,高野町,,,,,,,,,,,,,,,,,,1,,,,,,2021-02-19T04:04,https://www.jma.go.jp/jp/warn/336_table.html
33610,JP-30,和歌山県,北部,紀中,有田市,,,,,,,,,,,,,,,,,,1,,,,,,2021-02-19T04:04,https://www.jma.go.jp/jp/warn/336_table.html
33611,JP-30,和歌山県,北部,紀中,御坊市,,,,,,,,,,,,,,,,,,1,,,,,,2021-02-19T04:04,https://www.jma.go.jp/jp/warn/336_table.html
33612,JP-30,和歌山県,北部,紀中,湯浅町,,,,,,,,,,,,,,,,,,1,,,,,,2021-02-19T04:04,https://www.jma.go.jp/jp/warn/336_table.html
33613,JP-30,和歌山県,北部,紀中,広川町,,,,,,,,,,,,,,,,,,1,,,,,,2021-02-19T04:04,https://www.jma.go.jp/jp/warn/336_table.html
33614,JP-30,和歌山県,北部,紀中,有田川町,,,,,,,,,,,,,,,,,,1,,,,,,2021-02-19T04:04,https://www.jma.go.jp/jp/warn/336_table.html
33615,JP-30,和歌山県,北部,紀中,美浜町,,,,,,,,,,,,,,,,,,1,,,,,,2021-02-19T04:04,https://www.jma.go.jp/jp/warn/336_table.html
33616,JP-30,和歌山県,北部,紀中,日高町,,,,,,,,,,,,,,,,,,1,,,,,,2021-02-19T04:04,https://www.jma.go.jp/jp/warn/336_table.html
33617,JP-30,和歌山県,北部,紀中,由良町,,,,,,,,,,,,,,,,,,1,,,,,,2021-02-19T04:04,https://www.jma.go.jp/jp/warn/336_table.html
33618,JP-30,和歌山県,北部,紀中,印南町,,,,,,,,,,,,,,,,,,1,,,,,,2021-02-19T04:04,https://www.jma.go.jp/jp/warn/336_table.html
33619,JP-30,和歌山県,北部,紀中,みなべ町,,,,,,,,,,,,,,,,,,1,,,,,,2021-02-19T04:04,https://www.jma.go.jp/jp/warn/336_table.html
33620,JP-30,和歌山県,北部,紀中,日高川町,,,,,,,,,,,,,,,,,,1,,,,,,2021-02-19T04:04,https://www.jma.go.jp/jp/warn/336_table.html
33621,JP-30,和歌山県,南部,田辺・西牟婁,田辺市田辺,,,,,,,,,,,,,,,,,,1,,,,,,2021-02-19T04:04,https://www.jma.go.jp/jp/warn/336_table.html
33622,JP-30,和歌山県,南部,田辺・西牟婁,田辺市龍神,,,,,,,,,,,,,,,,,,1,,,,,,2021-02-19T04:04,https://www.jma.go.jp/jp/warn/336_table.html
33623,JP-30,和歌山県,南部,田辺・西牟婁,田辺市中辺路,,,,,,,,,,,,,,,,,,1,,,,,,2021-02-19T04:04,https://www.jma.go.jp/jp/warn/336_table.html
33624,JP-30,和歌山県,南部,田辺・西牟婁,田辺市大塔,,,,,,,,,,,,,,,,,,1,,,,,,2021-02-19T04:04,https://www.jma.go.jp/jp/warn/336_table.html
33625,JP-30,和歌山県,南部,田辺・西牟婁,田辺市本宮,,,,,,,,,,,,,,,,,,1,,,,,,2021-02-19T04:04,https://www.jma.go.jp/jp/warn/336_table.html
33626,JP-30,和歌山県,南部,田辺・西牟婁,白浜町,,,,,,,,,,,,,,,,,,1,,,,,,2021-02-19T04:04,https://www.jma.go.jp/jp/warn/336_table.html
33627,JP-30,和歌山県,南部,田辺・西牟婁,上富田町,,,,,,,,,,,,,,,,,,1,,,,,,2021-02-19T04:04,https://www.jma.go.jp/jp/warn/336_table.html
33628,JP-30,和歌山県,南部,田辺・西牟婁,すさみ町,,,,,,,,,,,,,,,,,,1,,,,,,2021-02-19T04:04,https://www.jma.go.jp/jp/warn/336_table.html
33629,JP-30,和歌山県,南部,新宮・東牟婁,新宮市,,,,,,,,,,,,,,,,,,1,,,,,,2021-02-19T04:04,https://www.jma.go.jp/jp/warn/336_table.html
33630,JP-30,和歌山県,南部,新宮・東牟婁,那智勝浦町,,,,,,,,,,,,,,,,,,1,,,,,,2021-02-19T04:04,https://www.jma.go.jp/jp/warn/336_table.html
33631,JP-30,和歌山県,南部,新宮・東牟婁,太地町,,,,,,,,,,,,,,,,,,1,,,,,,2021-02-19T04:04,https://www.jma.go.jp/jp/warn/336_table.html
33632,JP-30,和歌山県,南部,新宮・東牟婁,古座川町,,,,,,,,,,,,,,,,,,1,,,,,,2021-02-19T04:04,https://www.jma.go.jp/jp/warn/336_table.html
33633,JP-30,和歌山県,南部,新宮・東牟婁,北山村,,,,,,,,,,,,,,,,,,1,,,,,,2021-02-19T04:04,https://www.jma.go.jp/jp/warn/336_table.html
33634,JP-30,和歌山県,南部,新宮・東牟婁,串本町,,,,,,,,,,,,,,,,,,1,,,,,,2021-02-19T04:04,https://www.jma.go.jp/jp/warn/336_table.html
33701,JP-32,島根県,東部,松江地区,松江市,,,,,,,,,,1,,,1,,,,,,,,,,,2021-02-19T10:12,https://www.jma.go.jp/jp/warn/337_table.html
33702,JP-32,島根県,東部,松江地区,安来市,,,,,,,,,,1,,,,,,,,,,,,,,2021-02-19T10:12,https://www.jma.go.jp/jp/warn/337_table.html
33703,JP-32,島根県,東部,出雲地区,出雲市,,,,,,,,,,1,,,1,,,,,,,,,,,2021-02-19T10:12,https://www.jma.go.jp/jp/warn/337_table.html
33704,JP-32,島根県,東部,雲南地区,雲南市,,,,,,,,,,,,,,,,,,,1,,,,,2021-02-19T10:12,https://www.jma.go.jp/jp/warn/337_table.html
33705,JP-32,島根県,東部,雲南地区,奥出雲町,,,,,,,,,,,,,,,,,,,1,,,,,2021-02-19T10:12,https://www.jma.go.jp/jp/warn/337_table.html
33706,JP-32,島根県,東部,雲南地区,飯南町,,,,,,,,,,,,,,,,,,,1,,,,,2021-02-19T10:12,https://www.jma.go.jp/jp/warn/337_table.html
33707,JP-32,島根県,西部,大田邑智地区,大田市,,,,,,,,,,1,,,1,,,,,,,,,,,2021-02-19T10:12,https://www.jma.go.jp/jp/warn/337_table.html
33708,JP-32,島根県,西部,大田邑智地区,川本町,,,,,,,,,,1,,,,,,,,,,,,,,2021-02-19T10:12,https://www.jma.go.jp/jp/warn/337_table.html
33709,JP-32,島根県,西部,大田邑智地区,美郷町,,,,,,,,,,1,,,,,,,,,,,,,,2021-02-19T10:12,https://www.jma.go.jp/jp/warn/337_table.html
33710,JP-32,島根県,西部,大田邑智地区,邑南町,,,,,,,,,,1,,,,,,,,,,,,,,2021-02-19T10:12,https://www.jma.go.jp/jp/warn/337_table.html
33711,JP-32,島根県,西部,浜田地区,浜田市,,,,,,,,,,1,,,1,,,,,,,,,,,2021-02-19T10:12,https://www.jma.go.jp/jp/warn/337_table.html
33712,JP-32,島根県,西部,浜田地区,江津市,,,,,,,,,,1,,,1,,,,,,,,,,,2021-02-19T10:12,https://www.jma.go.jp/jp/warn/337_table.html
33713,JP-32,島根県,西部,益田地区,益田市,,,,,,,,,,1,,,1,,,,,,,,,,,2021-02-19T10:12,https://www.jma.go.jp/jp/warn/337_table.html
33714,JP-32,島根県,西部,益田地区,津和野町,,,,,,,,,,1,,,,,,,,,,,,,,2021-02-19T10:12,https://www.jma.go.jp/jp/warn/337_table.html
33715,JP-32,島根県,西部,益田地区,吉賀町,,,,,,,,,,1,,,,,,,,,,,,,,2021-02-19T10:12,https://www.jma.go.jp/jp/warn/337_table.html
33716,JP-32,島根県,隠岐,隠岐,海士町,,,,,,,,,,1,,,1,,,,,,,,,,,2021-02-19T10:12,https://www.jma.go.jp/jp/warn/337_table.html
33717,JP-32,島根県,隠岐,隠岐,西ノ島町,,,,,,,,,,1,,,1,,,,,,,,,,,2021-02-19T10:12,https://www.jma.go.jp/jp/warn/337_table.html
33718,JP-32,島根県,隠岐,隠岐,知夫村,,,,,,,,,,1,,,1,,,,,,,,,,,2021-02-19T10:12,https://www.jma.go.jp/jp/warn/337_table.html
33719,JP-32,島根県,隠岐,隠岐,隠岐の島町,,,,,,,,,,1,,,1,,,,,,,,,,,2021-02-19T10:12,https://www.jma.go.jp/jp/warn/337_table.html
33801,JP-34,広島県,南部,広島・呉,広島市,,,,,,,,,,,,,,,,,,1,,,,,,2021-02-18T16:06,https://www.jma.go.jp/jp/warn/338_table.html
33802,JP-34,広島県,南部,広島・呉,呉市,,,,,,,,,,,,,,,,,,1,,,,,,2021-02-18T16:06,https://www.jma.go.jp/jp/warn/338_table.html
33803,JP-34,広島県,南部,広島・呉,大竹市,,,,,,,,,,,,,,,,,,1,,,,,,2021-02-18T16:06,https://www.jma.go.jp/jp/warn/338_table.html
33804,JP-34,広島県,南部,広島・呉,廿日市市,,,,,,,,,,,,,,,,,,1,1,,,,,2021-02-18T16:06,https://www.jma.go.jp/jp/warn/338_table.html
33805,JP-34,広島県,南部,広島・呉,江田島市,,,,,,,,,,,,,,,,,,1,,,,,,2021-02-18T16:06,https://www.jma.go.jp/jp/warn/338_table.html
33806,JP-34,広島県,南部,広島・呉,府中町,,,,,,,,,,,,,,,,,,1,,,,,,2021-02-18T16:06,https://www.jma.go.jp/jp/warn/338_table.html
33807,JP-34,広島県,南部,広島・呉,海田町,,,,,,,,,,,,,,,,,,1,,,,,,2021-02-18T16:06,https://www.jma.go.jp/jp/warn/338_table.html
33808,JP-34,広島県,南部,広島・呉,熊野町,,,,,,,,,,,,,,,,,,1,,,,,,2021-02-18T16:06,https://www.jma.go.jp/jp/warn/338_table.html
33809,JP-34,広島県,南部,広島・呉,坂町,,,,,,,,,,,,,,,,,,1,,,,,,2021-02-18T16:06,https://www.jma.go.jp/jp/warn/338_table.html
33810,JP-34,広島県,南部,福山・尾三,三原市,,,,,,,,,,,,,,,,,,1,,,,,,2021-02-18T16:06,https://www.jma.go.jp/jp/warn/338_table.html
33811,JP-34,広島県,南部,福山・尾三,尾道市,,,,,,,,,,,,,,,,,,1,,,,,,2021-02-18T16:06,https://www.jma.go.jp/jp/warn/338_table.html
33812,JP-34,広島県,南部,福山・尾三,福山市,,,,,,,,,,,,,,,,,,1,,,,,,2021-02-18T16:06,https://www.jma.go.jp/jp/warn/338_table.html
33813,JP-34,広島県,南部,福山・尾三,府中市,,,,,,,,,,,,,,,,,,1,,,,,,2021-02-18T16:06,https://www.jma.go.jp/jp/warn/338_table.html
33814,JP-34,広島県,南部,福山・尾三,世羅町,,,,,,,,,,,,,,,,,,1,,,,,,2021-02-18T16:06,https://www.jma.go.jp/jp/warn/338_table.html
33815,JP-34,広島県,南部,福山・尾三,神石高原町,,,,,,,,,,,,,,,,,,1,,,,,,2021-02-18T16:06,https://www.jma.go.jp/jp/warn/338_table.html
33816,JP-34,広島県,南部,東広島・竹原,竹原市,,,,,,,,,,,,,,,,,,1,,,,,,2021-02-18T16:06,https://www.jma.go.jp/jp/warn/338_table.html
33817,JP-34,広島県,南部,東広島・竹原,東広島市,,,,,,,,,,,,,,,,,,1,,,,,,2021-02-18T16:06,https://www.jma.go.jp/jp/warn/338_table.html
33818,JP-34,広島県,南部,東広島・竹原,大崎上島町,,,,,,,,,,,,,,,,,,1,,,,,,2021-02-18T16:06,https://www.jma.go.jp/jp/warn/338_table.html
33819,JP-34,広島県,北部,備北,三次市,,,,,,,,,,,,,,,,,,,1,,,,,2021-02-18T16:06,https://www.jma.go.jp/jp/warn/338_table.html
33820,JP-34,広島県,北部,備北,庄原市,,,,,,,,,,,,,,,,,,,1,,,,,2021-02-18T16:06,https://www.jma.go.jp/jp/warn/338_table.html
33821,JP-34,広島県,北部,芸北,安芸高田市,,,,,,,,,,,,,,,,,,,1,,,,,2021-02-18T16:06,https://www.jma.go.jp/jp/warn/338_table.html
33822,JP-34,広島県,北部,芸北,安芸太田町,,,,,,,,,,,,,,,,,,,1,,,,,2021-02-18T16:06,https://www.jma.go.jp/jp/warn/338_table.html
33823,JP-34,広島県,北部,芸北,北広島町,,,,,,,,,,,,,,,,,,,1,,,,,2021-02-18T16:06,https://www.jma.go.jp/jp/warn/338_table.html
33901,JP-31,鳥取県,東部,鳥取地区,鳥取市北部,,,,,,,,,,,,,1,,,,,,1,,,,,2021-02-18T19:51,https://www.jma.go.jp/jp/warn/339_table.html
33902,JP-31,鳥取県,東部,鳥取地区,岩美町,,,,,,,,,,,,,1,,,,,,,,,,,2021-02-18T19:51,https://www.jma.go.jp/jp/warn/339_table.html
33903,JP-31,鳥取県,東部,八頭地区,鳥取市南部,,,,,,,,,,,,,,,,,,,1,,,,,2021-02-18T19:51,https://www.jma.go.jp/jp/warn/339_table.html
33904,JP-31,鳥取県,東部,八頭地区,若桜町,,,,,,,,,,,,,,,,,,,1,,,,,2021-02-18T19:51,https://www.jma.go.jp/jp/warn/339_table.html
33905,JP-31,鳥取県,東部,八頭地区,智頭町,,,,,,,,,,,,,,,,,,,1,,,,,2021-02-18T19:51,https://www.jma.go.jp/jp/warn/339_table.html
33906,JP-31,鳥取県,東部,八頭地区,八頭町,,,,,,,,,,,,,,,,,,,1,,,,,2021-02-18T19:51,https://www.jma.go.jp/jp/warn/339_table.html
33907,JP-31,鳥取県,中・西部,倉吉地区,倉吉市,,,,,,,,,,,,,,,,,,,1,,,,,2021-02-18T19:51,https://www.jma.go.jp/jp/warn/339_table.html
33908,JP-31,鳥取県,中・西部,倉吉地区,三朝町,,,,,,,,,,,,,,,,,,,1,,,,,2021-02-18T19:51,https://www.jma.go.jp/jp/warn/339_table.html
33909,JP-31,鳥取県,中・西部,倉吉地区,湯梨浜町,,,,,,,,,,,,,1,,,,,,,,,,,2021-02-18T19:51,https://www.jma.go.jp/jp/warn/339_table.html
33910,JP-31,鳥取県,中・西部,倉吉地区,琴浦町,,,,,,,,,,,,,1,,,,,,1,,,,,2021-02-18T19:51,https://www.jma.go.jp/jp/warn/339_table.html
33911,JP-31,鳥取県,中・西部,倉吉地区,北栄町,,,,,,,,,,,,,1,,,,,,,,,,,2021-02-18T19:51,https://www.jma.go.jp/jp/warn/339_table.html
33912,JP-31,鳥取県,中・西部,米子地区,米子市,,,,,,,,,,,,,1,,,,,,,,,,,2021-02-18T19:51,https://www.jma.go.jp/jp/warn/339_table.html
33913,JP-31,鳥取県,中・西部,米子地区,境港市,,,,,,,,,,,,,1,,,,,,,,,,,2021-02-18T19:51,https://www.jma.go.jp/jp/warn/339_table.html
33914,JP-31,鳥取県,中・西部,米子地区,日吉津村,,,,,,,,,,,,,1,,,,,,,,,,,2021-02-18T19:51,https://www.jma.go.jp/jp/warn/339_table.html
33915,JP-31,鳥取県,中・西部,米子地区,大山町,,,,,,,,,,,,,1,,,,,,1,,,,,2021-02-18T19:51,https://www.jma.go.jp/jp/warn/339_table.html
33916,JP-31,鳥取県,中・西部,米子地区,南部町,,,,,,,,,,,,,,,,,,,,,,,,2021-02-18T19:51,https://www.jma.go.jp/jp/warn/339_table.html
33917,JP-31,鳥取県,中・西部,米子地区,伯耆町,,,,,,,,,,,,,,,,,,,1,,,,,2021-02-18T19:51,https://www.jma.go.jp/jp/warn/339_table.html
33918,JP-31,鳥取県,中・西部,日野地区,日南町,,,,,,,,,,,,,,,,,,,1,,,,,2021-02-18T19:51,https://www.jma.go.jp/jp/warn/339_table.html
33919,JP-31,鳥取県,中・西部,日野地区,日野町,,,,,,,,,,,,,,,,,,,1,,,,,2021-02-18T19:51,https://www.jma.go.jp/jp/warn/339_table.html
33920,JP-31,鳥取県,中・西部,日野地区,江府町,,,,,,,,,,,,,,,,,,,1,,,,,2021-02-18T19:51,https://www.jma.go.jp/jp/warn/339_table.html
34001,JP-33,岡山県,南部,岡山地域,岡山市,,,,,,,,,,,,,,,,,,1,,,,,,2021-02-18T18:46,https://www.jma.go.jp/jp/warn/340_table.html
34002,JP-33,岡山県,南部,岡山地域,玉野市,,,,,,,,,,,,,,,,,,1,,,,,,2021-02-18T18:46,https://www.jma.go.jp/jp/warn/340_table.html
34003,JP-33,岡山県,南部,岡山地域,瀬戸内市,,,,,,,,,,,,,,,,,,1,,,,,,2021-02-18T18:46,https://www.jma.go.jp/jp/warn/340_table.html
34004,JP-33,岡山県,南部,岡山地域,吉備中央町,,,,,,,,,,,,,,,,,,1,,,,,,2021-02-18T18:46,https://www.jma.go.jp/jp/warn/340_table.html
34005,JP-33,岡山県,南部,東備地域,備前市,,,,,,,,,,,,,,,,,,1,,,,,,2021-02-18T18:46,https://www.jma.go.jp/jp/warn/340_table.html
34006,JP-33,岡山県,南部,東備地域,赤磐市,,,,,,,,,,,,,,,,,,1,,,,,,2021-02-18T18:46,https://www.jma.go.jp/jp/warn/340_table.html
34007,JP-33,岡山県,南部,東備地域,和気町,,,,,,,,,,,,,,,,,,1,,,,,,2021-02-18T18:46,https://www.jma.go.jp/jp/warn/340_table.html
34008,JP-33,岡山県,南部,倉敷地域,倉敷市,,,,,,,,,,,,,,,,,,1,,,,,,2021-02-18T18:46,https://www.jma.go.jp/jp/warn/340_table.html
34009,JP-33,岡山県,南部,倉敷地域,総社市,,,,,,,,,,,,,,,,,,1,,,,,,2021-02-18T18:46,https://www.jma.go.jp/jp/warn/340_table.html
34010,JP-33,岡山県,南部,倉敷地域,早島町,,,,,,,,,,,,,,,,,,1,,,,,,2021-02-18T18:46,https://www.jma.go.jp/jp/warn/340_table.html
34011,JP-33,岡山県,南部,井笠地域,笠岡市,,,,,,,,,,,,,,,,,,1,,,,,,2021-02-18T18:46,https://www.jma.go.jp/jp/warn/340_table.html
34012,JP-33,岡山県,南部,井笠地域,井原市,,,,,,,,,,,,,,,,,,1,,,,,,2021-02-18T18:46,https://www.jma.go.jp/jp/warn/340_table.html
34013,JP-33,岡山県,南部,井笠地域,浅口市,,,,,,,,,,,,,,,,,,1,,,,,,2021-02-18T18:46,https://www.jma.go.jp/jp/warn/340_table.html
34014,JP-33,岡山県,南部,井笠地域,里庄町,,,,,,,,,,,,,,,,,,1,,,,,,2021-02-18T18:46,https://www.jma.go.jp/jp/warn/340_table.html
34015,JP-33,岡山県,南部,井笠地域,矢掛町,,,,,,,,,,,,,,,,,,1,,,,,,2021-02-18T18:46,https://www.jma.go.jp/jp/warn/340_table.html
34016,JP-33,岡山県,南部,高梁地域,高梁市,,,,,,,,,,,,,,,,,,1,,,,,,2021-02-18T18:46,https://www.jma.go.jp/jp/warn/340_table.html
34017,JP-33,岡山県,北部,新見地域,新見市,,,,,,,,,,,,,,,,,,,,,,,,2021-02-18T18:46,https://www.jma.go.jp/jp/warn/340_table.html
34018,JP-33,岡山県,北部,真庭地域,真庭市,,,,,,,,,,,,,,,,,,,,,,,,2021-02-18T18:46,https://www.jma.go.jp/jp/warn/340_table.html
34019,JP-33,岡山県,北部,真庭地域,新庄村,,,,,,,,,,,,,,,,,,,,,,,,2021-02-18T18:46,https://www.jma.go.jp/jp/warn/340_table.html
34020,JP-33,岡山県,北部,津山地域,津山市,,,,,,,,,,,,,,,,,,,,,,,,2021-02-18T18:46,https://www.jma.go.jp/jp/warn/340_table.html
34021,JP-33,岡山県,北部,津山地域,鏡野町,,,,,,,,,,,,,,,,,,,,,,,,2021-02-18T18:46,https://www.jma.go.jp/jp/warn/340_table.html
34022,JP-33,岡山県,北部,津山地域,久米南町,,,,,,,,,,,,,,,,,,,,,,,,2021-02-18T18:46,https://www.jma.go.jp/jp/warn/340_table.html
34023,JP-33,岡山県,北部,津山地域,美咲町,,,,,,,,,,,,,,,,,,,,,,,,2021-02-18T18:46,https://www.jma.go.jp/jp/warn/340_table.html
34024,JP-33,岡山県,北部,勝英地域,美作市,,,,,,,,,,,,,,,,,,,,,,,,2021-02-18T18:46,https://www.jma.go.jp/jp/warn/340_table.html
34025,JP-33,岡山県,北部,勝英地域,勝央町,,,,,,,,,,,,,,,,,,,,,,,,2021-02-18T18:46,https://www.jma.go.jp/jp/warn/340_table.html
34026,JP-33,岡山県,北部,勝英地域,奈義町,,,,,,,,,,,,,,,,,,,,,,,,2021-02-18T18:46,https://www.jma.go.jp/jp/warn/340_table.html
34027,JP-33,岡山県,北部,勝英地域,西粟倉村,,,,,,,,,,,,,,,,,,,,,,,,2021-02-18T18:46,https://www.jma.go.jp/jp/warn/340_table.html
34101,JP-37,香川県,香川県,高松地域,高松市,,,,,,,,,,,,,,,,,,1,,,,,,2021-02-18T18:34,https://www.jma.go.jp/jp/warn/341_table.html
34102,JP-37,香川県,香川県,高松地域,直島町,,,,,,,,,,,,,,,,,,1,,,,,,2021-02-18T18:34,https://www.jma.go.jp/jp/warn/341_table.html
34103,JP-37,香川県,香川県,小豆,土庄町,,,,,,,,,,,,,,,,,,1,,,,,,2021-02-18T18:34,https://www.jma.go.jp/jp/warn/341_table.html
34104,JP-37,香川県,香川県,小豆,小豆島町,,,,,,,,,,,,,,,,,,1,,,,,,2021-02-18T18:34,https://www.jma.go.jp/jp/warn/341_table.html
34105,JP-37,香川県,香川県,東讃,さぬき市,,,,,,,,,,,,,,,,,,1,,,,,,2021-02-18T18:34,https://www.jma.go.jp/jp/warn/341_table.html
34106,JP-37,香川県,香川県,東讃,東かがわ市,,,,,,,,,,,,,,,,,,1,,,,,,2021-02-18T18:34,https://www.jma.go.jp/jp/warn/341_table.html
34107,JP-37,香川県,香川県,東讃,三木町,,,,,,,,,,,,,,,,,,1,,,,,,2021-02-18T18:34,https://www.jma.go.jp/jp/warn/341_table.html
34108,JP-37,香川県,香川県,中讃,丸亀市,,,,,,,,,,,,,,,,,,1,,,,,,2021-02-18T18:34,https://www.jma.go.jp/jp/warn/341_table.html
34109,JP-37,香川県,香川県,中讃,坂出市,,,,,,,,,,,,,,,,,,1,,,,,,2021-02-18T18:34,https://www.jma.go.jp/jp/warn/341_table.html
34110,JP-37,香川県,香川県,中讃,善通寺市,,,,,,,,,,,,,,,,,,1,,,,,,2021-02-18T18:34,https://www.jma.go.jp/jp/warn/341_table.html
34111,JP-37,香川県,香川県,中讃,宇多津町,,,,,,,,,,,,,,,,,,1,,,,,,2021-02-18T18:34,https://www.jma.go.jp/jp/warn/341_table.html
34112,JP-37,香川県,香川県,中讃,綾川町,,,,,,,,,,,,,,,,,,1,,,,,,2021-02-18T18:34,https://www.jma.go.jp/jp/warn/341_table.html
34113,JP-37,香川県,香川県,中讃,琴平町,,,,,,,,,,,,,,,,,,1,,,,,,2021-02-18T18:34,https://www.jma.go.jp/jp/warn/341_table.html
34114,JP-37,香川県,香川県,中讃,多度津町,,,,,,,,,,,,,,,,,,1,,,,,,2021-02-18T18:34,https://www.jma.go.jp/jp/warn/341_table.html
34115,JP-37,香川県,香川県,中讃,まんのう町,,,,,,,,,,,,,,,,,,1,,,,,,2021-02-18T18:34,https://www.jma.go.jp/jp/warn/341_table.html
34116,JP-37,香川県,香川県,西讃,観音寺市,,,,,,,,,,,,,,,,,,1,,,,,,2021-02-18T18:34,https://www.jma.go.jp/jp/warn/341_table.html
34117,JP-37,香川県,香川県,西讃,三豊市,,,,,,,,,,,,,,,,,,1,,,,,,2021-02-18T18:34,https://www.jma.go.jp/jp/warn/341_table.html
34201,JP-38,愛媛県,中予,中予,松山市,,,,,,,,,,,,,,,,,,1,,,,,,2021-02-19T03:55,https://www.jma.go.jp/jp/warn/342_table.html
34202,JP-38,愛媛県,中予,中予,伊予市,,,,,,,,,,,,,,,,,,1,,,,,,2021-02-19T03:55,https://www.jma.go.jp/jp/warn/342_table.html
34203,JP-38,愛媛県,中予,中予,東温市,,,,,,,,,,,,,,,,,,1,,,,,,2021-02-19T03:55,https://www.jma.go.jp/jp/warn/342_table.html
34204,JP-38,愛媛県,中予,中予,久万高原町,,,,,,,,,,,,,,,,,,1,,,,,,2021-02-19T03:55,https://www.jma.go.jp/jp/warn/342_table.html
34205,JP-38,愛媛県,中予,中予,松前町,,,,,,,,,,,,,,,,,,1,,,,,,2021-02-19T03:55,https://www.jma.go.jp/jp/warn/342_table.html
34206,JP-38,愛媛県,中予,中予,砥部町,,,,,,,,,,,,,,,,,,1,,,,,,2021-02-19T03:55,https://www.jma.go.jp/jp/warn/342_table.html
34207,JP-38,愛媛県,東予,東予東部,新居浜市,,,,,,,,,,,,,,,,,,1,,,,,,2021-02-19T03:55,https://www.jma.go.jp/jp/warn/342_table.html
34208,JP-38,愛媛県,東予,東予東部,西条市,,,,,,,,,,,,,,,,,,1,,,,,,2021-02-19T03:55,https://www.jma.go.jp/jp/warn/342_table.html
34209,JP-38,愛媛県,東予,東予東部,四国中央市,,,,,,,,,,,,,,,,,,1,,,,,,2021-02-19T03:55,https://www.jma.go.jp/jp/warn/342_table.html
34210,JP-38,愛媛県,東予,東予西部,今治市,,,,,,,,,,,,,,,,,,1,,,,,,2021-02-19T03:55,https://www.jma.go.jp/jp/warn/342_table.html
34211,JP-38,愛媛県,東予,東予西部,上島町,,,,,,,,,,,,,,,,,,1,,,,,,2021-02-19T03:55,https://www.jma.go.jp/jp/warn/342_table.html
34212,JP-38,愛媛県,南予,南予北部,八幡浜市,,,,,,,,,,,,,,,,,,1,,,,,,2021-02-19T03:55,https://www.jma.go.jp/jp/warn/342_table.html
34213,JP-38,愛媛県,南予,南予北部,大洲市,,,,,,,,,,,,,,,,,,1,,,,,,2021-02-19T03:55,https://www.jma.go.jp/jp/warn/342_table.html
34214,JP-38,愛媛県,南予,南予北部,西予市,,,,,,,,,,,,,,,,,,1,,,,,,2021-02-19T03:55,https://www.jma.go.jp/jp/warn/342_table.html
34215,JP-38,愛媛県,南予,南予北部,内子町,,,,,,,,,,,,,,,,,,1,,,,,,2021-02-19T03:55,https://www.jma.go.jp/jp/warn/342_table.html
34216,JP-38,愛媛県,南予,南予北部,伊方町,,,,,,,,,,,,,,,,,,1,,,,,,2021-02-19T03:55,https://www.jma.go.jp/jp/warn/342_table.html
34217,JP-38,愛媛県,南予,南予南部,宇和島市,,,,,,,,,,,,,,,,,,1,,,,,,2021-02-19T03:55,https://www.jma.go.jp/jp/warn/342_table.html
34218,JP-38,愛媛県,南予,南予南部,松野町,,,,,,,,,,,,,,,,,,1,,,,,,2021-02-19T03:55,https://www.jma.go.jp/jp/warn/342_table.html
34219,JP-38,愛媛県,南予,南予南部,鬼北町,,,,,,,,,,,,,,,,,,1,,,,,,2021-02-19T03:55,https://www.jma.go.jp/jp/warn/342_table.html
34220,JP-38,愛媛県,南予,南予南部,愛南町,,,,,,,,,,,,,,,,,,1,,,,,,2021-02-19T03:55,https://www.jma.go.jp/jp/warn/342_table.html
34301,JP-36,徳島県,北部,徳島・鳴門,徳島市,,,,,,,,,,,,,,,,,,,,,,,,2021-02-18T21:38,https://www.jma.go.jp/jp/warn/343_table.html
34302,JP-36,徳島県,北部,徳島・鳴門,鳴門市,,,,,,,,,,,,,,,,,,,,,,,,2021-02-18T21:38,https://www.jma.go.jp/jp/warn/343_table.html
34303,JP-36,徳島県,北部,徳島・鳴門,小松島市,,,,,,,,,,,,,,,,,,,,,,,,2021-02-18T21:38,https://www.jma.go.jp/jp/warn/343_table.html
34304,JP-36,徳島県,北部,徳島・鳴門,松茂町,,,,,,,,,,,,,,,,,,,,,,,,2021-02-18T21:38,https://www.jma.go.jp/jp/warn/343_table.html
34305,JP-36,徳島県,北部,徳島・鳴門,北島町,,,,,,,,,,,,,,,,,,,,,,,,2021-02-18T21:38,https://www.jma.go.jp/jp/warn/343_table.html
34306,JP-36,徳島県,北部,徳島・鳴門,藍住町,,,,,,,,,,,,,,,,,,,,,,,,2021-02-18T21:38,https://www.jma.go.jp/jp/warn/343_table.html
34307,JP-36,徳島県,北部,徳島・鳴門,板野町,,,,,,,,,,,,,,,,,,,,,,,,2021-02-18T21:38,https://www.jma.go.jp/jp/warn/343_table.html
34308,JP-36,徳島県,北部,美馬北部・阿北,吉野川市,,,,,,,,,,,,,,,,,,,,,,,,2021-02-18T21:38,https://www.jma.go.jp/jp/warn/343_table.html
34309,JP-36,徳島県,北部,美馬北部・阿北,阿波市,,,,,,,,,,,,,,,,,,,,,,,,2021-02-18T21:38,https://www.jma.go.jp/jp/warn/343_table.html
34310,JP-36,徳島県,北部,美馬北部・阿北,美馬市脇・美馬・穴吹,,,,,,,,,,,,,,,,,,,,,,,,2021-02-18T21:38,https://www.jma.go.jp/jp/warn/343_table.html
34311,JP-36,徳島県,北部,美馬北部・阿北,石井町,,,,,,,,,,,,,,,,,,,,,,,,2021-02-18T21:38,https://www.jma.go.jp/jp/warn/343_table.html
34312,JP-36,徳島県,北部,美馬北部・阿北,上板町,,,,,,,,,,,,,,,,,,,,,,,,2021-02-18T21:38,https://www.jma.go.jp/jp/warn/343_table.html
34313,JP-36,徳島県,北部,美馬北部・阿北,つるぎ町半田・貞光,,,,,,,,,,,,,,,,,,,,,,,,2021-02-18T21:38,https://www.jma.go.jp/jp/warn/343_table.html
34314,JP-36,徳島県,北部,美馬南部・神山,美馬市木屋平,,,,,,,,,,,,,,,,,,,,,,,,2021-02-18T21:38,https://www.jma.go.jp/jp/warn/343_table.html
34315,JP-36,徳島県,北部,美馬南部・神山,佐那河内村,,,,,,,,,,,,,,,,,,,,,,,,2021-02-18T21:38,https://www.jma.go.jp/jp/warn/343_table.html
34316,JP-36,徳島県,北部,美馬南部・神山,神山町,,,,,,,,,,,,,,,,,,,,,,,,2021-02-18T21:38,https://www.jma.go.jp/jp/warn/343_table.html
34317,JP-36,徳島県,北部,美馬南部・神山,つるぎ町一宇,,,,,,,,,,,,,,,,,,,,,,,,2021-02-18T21:38,https://www.jma.go.jp/jp/warn/343_table.html
34318,JP-36,徳島県,北部,三好,三好市,,,,,,,,,,,,,,,,,,,,,,,,2021-02-18T21:38,https://www.jma.go.jp/jp/warn/343_table.html
34319,JP-36,徳島県,北部,三好,東みよし町,,,,,,,,,,,,,,,,,,,,,,,,2021-02-18T21:38,https://www.jma.go.jp/jp/warn/343_table.html
34320,JP-36,徳島県,南部,阿南,阿南市,,,,,,,,,,,,,,,,,,,,,,,,2021-02-18T21:38,https://www.jma.go.jp/jp/warn/343_table.html
34321,JP-36,徳島県,南部,那賀・勝浦,勝浦町,,,,,,,,,,,,,,,,,,,,,,,,2021-02-18T21:38,https://www.jma.go.jp/jp/warn/343_table.html
34322,JP-36,徳島県,南部,那賀・勝浦,上勝町,,,,,,,,,,,,,,,,,,,,,,,,2021-02-18T21:38,https://www.jma.go.jp/jp/warn/343_table.html
34323,JP-36,徳島県,南部,那賀・勝浦,那賀町,,,,,,,,,,,,,,,,,,,,,,,,2021-02-18T21:38,https://www.jma.go.jp/jp/warn/343_table.html
34324,JP-36,徳島県,南部,海部,牟岐町,,,,,,,,,,,,,,,,,,,,,,,,2021-02-18T21:38,https://www.jma.go.jp/jp/warn/343_table.html
34325,JP-36,徳島県,南部,海部,美波町,,,,,,,,,,,,,,,,,,,,,,,,2021-02-18T21:38,https://www.jma.go.jp/jp/warn/343_table.html
34326,JP-36,徳島県,南部,海部,海陽町,,,,,,,,,,,,,,,,,,,,,,,,2021-02-18T21:38,https://www.jma.go.jp/jp/warn/343_table.html
34401,JP-39,高知県,中部,高知中央,高知市,,,,,,,,,,,,,,,,,,1,,,,,,2021-02-19T04:03,https://www.jma.go.jp/jp/warn/344_table.html
34402,JP-39,高知県,中部,高知中央,南国市,,,,,,,,,,,,,,,,,,1,,,,,,2021-02-19T04:03,https://www.jma.go.jp/jp/warn/344_table.html
34403,JP-39,高知県,中部,高知中央,土佐市,,,,,,,,,,,,,,,,,,1,,,,,,2021-02-19T04:03,https://www.jma.go.jp/jp/warn/344_table.html
34404,JP-39,高知県,中部,高知中央,須崎市,,,,,,,,,,,,,,,,,,1,,,,,,2021-02-19T04:03,https://www.jma.go.jp/jp/warn/344_table.html
34405,JP-39,高知県,中部,高知中央,香南市,,,,,,,,,,,,,,,,,,1,,,,,,2021-02-19T04:03,https://www.jma.go.jp/jp/warn/344_table.html
34406,JP-39,高知県,中部,高知中央,香美市,,,,,,,,,,,,,,,,,,1,,,,,,2021-02-19T04:03,https://www.jma.go.jp/jp/warn/344_table.html
34407,JP-39,高知県,中部,高知中央,いの町,,,,,,,,,,,,,,,,,,1,,,,,,2021-02-19T04:03,https://www.jma.go.jp/jp/warn/344_table.html
34408,JP-39,高知県,中部,高知中央,日高村,,,,,,,,,,,,,,,,,,1,,,,,,2021-02-19T04:03,https://www.jma.go.jp/jp/warn/344_table.html
34409,JP-39,高知県,中部,嶺北,本山町,,,,,,,,,,,,,,,,,,1,,,,,,2021-02-19T04:03,https://www.jma.go.jp/jp/warn/344_table.html
34410,JP-39,高知県,中部,嶺北,大豊町,,,,,,,,,,,,,,,,,,1,,,,,,2021-02-19T04:03,https://www.jma.go.jp/jp/warn/344_table.html
34411,JP-39,高知県,中部,嶺北,土佐町,,,,,,,,,,,,,,,,,,1,,,,,,2021-02-19T04:03,https://www.jma.go.jp/jp/warn/344_table.html
34412,JP-39,高知県,中部,嶺北,大川村,,,,,,,,,,,,,,,,,,1,,,,,,2021-02-19T04:03,https://www.jma.go.jp/jp/warn/344_table.html
34413,JP-39,高知県,中部,高吾北,仁淀川町,,,,,,,,,,,,,,,,,,1,,,,,,2021-02-19T04:03,https://www.jma.go.jp/jp/warn/344_table.html
34414,JP-39,高知県,中部,高吾北,佐川町,,,,,,,,,,,,,,,,,,1,,,,,,2021-02-19T04:03,https://www.jma.go.jp/jp/warn/344_table.html
34415,JP-39,高知県,中部,高吾北,越知町,,,,,,,,,,,,,,,,,,1,,,,,,2021-02-19T04:03,https://www.jma.go.jp/jp/warn/344_table.html
34416,JP-39,高知県,東部,室戸,室戸市,,,,,,,,,,,,,,,,,,1,,,,,,2021-02-19T04:03,https://www.jma.go.jp/jp/warn/344_table.html
34417,JP-39,高知県,東部,室戸,東洋町,,,,,,,,,,,,,,,,,,1,,,,,,2021-02-19T04:03,https://www.jma.go.jp/jp/warn/344_table.html
34418,JP-39,高知県,東部,安芸,安芸市,,,,,,,,,,,,,,,,,,1,,,,,,2021-02-19T04:03,https://www.jma.go.jp/jp/warn/344_table.html
34419,JP-39,高知県,東部,安芸,奈半利町,,,,,,,,,,,,,,,,,,1,,,,,,2021-02-19T04:03,https://www.jma.go.jp/jp/warn/344_table.html
34420,JP-39,高知県,東部,安芸,田野町,,,,,,,,,,,,,,,,,,1,,,,,,2021-02-19T04:03,https://www.jma.go.jp/jp/warn/344_table.html
34421,JP-39,高知県,東部,安芸,安田町,,,,,,,,,,,,,,,,,,1,,,,,,2021-02-19T04:03,https://www.jma.go.jp/jp/warn/344_table.html
34422,JP-39,高知県,東部,安芸,北川村,,,,,,,,,,,,,,,,,,1,,,,,,2021-02-19T04:03,https://www.jma.go.jp/jp/warn/344_table.html
34423,JP-39,高知県,東部,安芸,馬路村,,,,,,,,,,,,,,,,,,1,,,,,,2021-02-19T04:03,https://www.jma.go.jp/jp/warn/344_table.html
34424,JP-39,高知県,東部,安芸,芸西村,,,,,,,,,,,,,,,,,,1,,,,,,2021-02-19T04:03,https://www.jma.go.jp/jp/warn/344_table.html
34425,JP-39,高知県,西部,幡多,宿毛市,,,,,,,,,,,,,,,,,,1,,,,,,2021-02-19T04:03,https://www.jma.go.jp/jp/warn/344_table.html
34426,JP-39,高知県,西部,幡多,土佐清水市,,,,,,,,,,,,,,,,,,1,,,,,,2021-02-19T04:03,https://www.jma.go.jp/jp/warn/344_table.html
34427,JP-39,高知県,西部,幡多,四万十市,,,,,,,,,,,,,,,,,,1,,,,,,2021-02-19T04:03,https://www.jma.go.jp/jp/warn/344_table.html
34428,JP-39,高知県,西部,幡多,大月町,,,,,,,,,,,,,,,,,,1,,,,,,2021-02-19T04:03,https://www.jma.go.jp/jp/warn/344_table.html
34429,JP-39,高知県,西部,幡多,三原村,,,,,,,,,,,,,,,,,,1,,,,,,2021-02-19T04:03,https://www.jma.go.jp/jp/warn/344_table.html
34430,JP-39,高知県,西部,幡多,黒潮町,,,,,,,,,,,,,,,,,,1,,,,,,2021-02-19T04:03,https://www.jma.go.jp/jp/warn/344_table.html
34431,JP-39,高知県,西部,高幡,中土佐町,,,,,,,,,,,,,,,,,,1,,,,,,2021-02-19T04:03,https://www.jma.go.jp/jp/warn/344_table.html
34432,JP-39,高知県,西部,高幡,檮原町,,,,,,,,,,,,,,,,,,1,,,,,,2021-02-19T04:03,https://www.jma.go.jp/jp/warn/344_table.html
34433,JP-39,高知県,西部,高幡,津野町,,,,,,,,,,,,,,,,,,1,,,,,,2021-02-19T04:03,https://www.jma.go.jp/jp/warn/344_table.html
34434,JP-39,高知県,西部,高幡,四万十町,,,,,,,,,,,,,,,,,,1,,,,,,2021-02-19T04:03,https://www.jma.go.jp/jp/warn/344_table.html
34501,JP-35,山口県,西部,下関,下関市,,,,,,,,,,1,,,,,,,,1,,,,,,2021-02-19T10:09,https://www.jma.go.jp/jp/warn/345_table.html
34502,JP-35,山口県,西部,宇部・山陽小野田,宇部市,,,,,,,,,,,,,,,,,,1,,,,,,2021-02-19T10:09,https://www.jma.go.jp/jp/warn/345_table.html
34503,JP-35,山口県,西部,宇部・山陽小野田,山陽小野田市,,,,,,,,,,,,,,,,,,1,,,,,,2021-02-19T10:09,https://www.jma.go.jp/jp/warn/345_table.html
34504,JP-35,山口県,中部,山口・防府,山口市,,,,,,,,,,,,,,,,,,1,,,,,,2021-02-19T10:09,https://www.jma.go.jp/jp/warn/345_table.html
34505,JP-35,山口県,中部,山口・防府,防府市,,,,,,,,,,,,,,,,,,1,,,,,,2021-02-19T10:09,https://www.jma.go.jp/jp/warn/345_table.html
34506,JP-35,山口県,中部,周南・下松,下松市,,,,,,,,,,,,,,,,,,1,,,,,,2021-02-19T10:09,https://www.jma.go.jp/jp/warn/345_table.html
34507,JP-35,山口県,中部,周南・下松,周南市,,,,,,,,,,,,,,,,,,1,,,,,,2021-02-19T10:09,https://www.jma.go.jp/jp/warn/345_table.html
34508,JP-35,山口県,東部,岩国,岩国市,,,,,,,,,,,,,,,,,,1,,,,,,2021-02-19T10:09,https://www.jma.go.jp/jp/warn/345_table.html
34509,JP-35,山口県,東部,岩国,和木町,,,,,,,,,,,,,,,,,,1,,,,,,2021-02-19T10:09,https://www.jma.go.jp/jp/warn/345_table.html
34510,JP-35,山口県,東部,柳井・光,光市,,,,,,,,,,,,,,,,,,1,,,,,,2021-02-19T10:09,https://www.jma.go.jp/jp/warn/345_table.html
34511,JP-35,山口県,東部,柳井・光,柳井市,,,,,,,,,,,,,,,,,,1,,,,,,2021-02-19T10:09,https://www.jma.go.jp/jp/warn/345_table.html
34512,JP-35,山口県,東部,柳井・光,周防大島町,,,,,,,,,,,,,,,,,,1,,,,,,2021-02-19T10:09,https://www.jma.go.jp/jp/warn/345_table.html
34513,JP-35,山口県,東部,柳井・光,上関町,,,,,,,,,,,,,,,,,,1,,,,,,2021-02-19T10:09,https://www.jma.go.jp/jp/warn/345_table.html
34514,JP-35,山口県,東部,柳井・光,田布施町,,,,,,,,,,,,,,,,,,1,,,,,,2021-02-19T10:09,https://www.jma.go.jp/jp/warn/345_table.html
34515,JP-35,山口県,東部,柳井・光,平生町,,,,,,,,,,,,,,,,,,1,,,,,,2021-02-19T10:09,https://www.jma.go.jp/jp/warn/345_table.html
34516,JP-35,山口県,北部,萩・美祢,萩市,,,,,,,,,,1,,,,,,,,1,,,,,,2021-02-19T10:09,https://www.jma.go.jp/jp/warn/345_table.html
34517,JP-35,山口県,北部,萩・美祢,美祢市,,,,,,,,,,,,,,,,,,1,,,,,,2021-02-19T10:09,https://www.jma.go.jp/jp/warn/345_table.html
34518,JP-35,山口県,北部,萩・美祢,阿武町,,,,,,,,,,1,,,,,,,,1,,,,,,2021-02-19T10:09,https://www.jma.go.jp/jp/warn/345_table.html
34519,JP-35,山口県,北部,長門,長門市,,,,,,,,,,1,,,,,,,,1,,,,,,2021-02-19T10:09,https://www.jma.go.jp/jp/warn/345_table.html
34601,JP-40,福岡県,福岡地方,福岡地方,福岡市,,,,,,,,,,1,,,,,,,,,,,,,,2021-02-19T10:12,https://www.jma.go.jp/jp/warn/346_table.html
34602,JP-40,福岡県,福岡地方,福岡地方,筑紫野市,,,,,,,,,,,,,,,,,,,,,,,,2021-02-19T10:12,https://www.jma.go.jp/jp/warn/346_table.html
34603,JP-40,福岡県,福岡地方,福岡地方,春日市,,,,,,,,,,,,,,,,,,,,,,,,2021-02-19T10:12,https://www.jma.go.jp/jp/warn/346_table.html
34604,JP-40,福岡県,福岡地方,福岡地方,大野城市,,,,,,,,,,,,,,,,,,,,,,,,2021-02-19T10:12,https://www.jma.go.jp/jp/warn/346_table.html
34605,JP-40,福岡県,福岡地方,福岡地方,宗像市,,,,,,,,,,1,,,,,,,,,,,,,,2021-02-19T10:12,https://www.jma.go.jp/jp/warn/346_table.html
34606,JP-40,福岡県,福岡地方,福岡地方,太宰府市,,,,,,,,,,,,,,,,,,,,,,,,2021-02-19T10:12,https://www.jma.go.jp/jp/warn/346_table.html
34607,JP-40,福岡県,福岡地方,福岡地方,古賀市,,,,,,,,,,1,,,,,,,,,,,,,,2021-02-19T10:12,https://www.jma.go.jp/jp/warn/346_table.html
34608,JP-40,福岡県,福岡地方,福岡地方,福津市,,,,,,,,,,1,,,,,,,,,,,,,,2021-02-19T10:12,https://www.jma.go.jp/jp/warn/346_table.html
34609,JP-40,福岡県,福岡地方,福岡地方,糸島市,,,,,,,,,,1,,,,,,,,,,,,,,2021-02-19T10:12,https://www.jma.go.jp/jp/warn/346_table.html
34610,JP-40,福岡県,福岡地方,福岡地方,那珂川市,,,,,,,,,,,,,,,,,,,,,,,,2021-02-19T10:12,https://www.jma.go.jp/jp/warn/346_table.html
34611,JP-40,福岡県,福岡地方,福岡地方,宇美町,,,,,,,,,,,,,,,,,,,,,,,,2021-02-19T10:12,https://www.jma.go.jp/jp/warn/346_table.html
34612,JP-40,福岡県,福岡地方,福岡地方,篠栗町,,,,,,,,,,,,,,,,,,,,,,,,2021-02-19T10:12,https://www.jma.go.jp/jp/warn/346_table.html
34613,JP-40,福岡県,福岡地方,福岡地方,志免町,,,,,,,,,,,,,,,,,,,,,,,,2021-02-19T10:12,https://www.jma.go.jp/jp/warn/346_table.html
34614,JP-40,福岡県,福岡地方,福岡地方,須恵町,,,,,,,,,,,,,,,,,,,,,,,,2021-02-19T10:12,https://www.jma.go.jp/jp/warn/346_table.html
34615,JP-40,福岡県,福岡地方,福岡地方,新宮町,,,,,,,,,,1,,,,,,,,,,,,,,2021-02-19T10:12,https://www.jma.go.jp/jp/warn/346_table.html
34616,JP-40,福岡県,福岡地方,福岡地方,久山町,,,,,,,,,,,,,,,,,,,,,,,,2021-02-19T10:12,https://www.jma.go.jp/jp/warn/346_table.html
34617,JP-40,福岡県,福岡地方,福岡地方,粕屋町,,,,,,,,,,,,,,,,,,,,,,,,2021-02-19T10:12,https://www.jma.go.jp/jp/warn/346_table.html
34618,JP-40,福岡県,北九州地方,北九州・遠賀地区,北九州市,,,,,,,,,,1,,,,,,,,,,,,,,2021-02-19T10:12,https://www.jma.go.jp/jp/warn/346_table.html
34619,JP-40,福岡県,北九州地方,北九州・遠賀地区,中間市,,,,,,,,,,,,,,,,,,,,,,,,2021-02-19T10:12,https://www.jma.go.jp/jp/warn/346_table.html
34620,JP-40,福岡県,北九州地方,北九州・遠賀地区,芦屋町,,,,,,,,,,1,,,,,,,,,,,,,,2021-02-19T10:12,https://www.jma.go.jp/jp/warn/346_table.html
34621,JP-40,福岡県,北九州地方,北九州・遠賀地区,水巻町,,,,,,,,,,,,,,,,,,,,,,,,2021-02-19T10:12,https://www.jma.go.jp/jp/warn/346_table.html
34622,JP-40,福岡県,北九州地方,北九州・遠賀地区,岡垣町,,,,,,,,,,1,,,,,,,,,,,,,,2021-02-19T10:12,https://www.jma.go.jp/jp/warn/346_table.html
34623,JP-40,福岡県,北九州地方,北九州・遠賀地区,遠賀町,,,,,,,,,,,,,,,,,,,,,,,,2021-02-19T10:12,https://www.jma.go.jp/jp/warn/346_table.html
34624,JP-40,福岡県,北九州地方,京築,行橋市,,,,,,,,,,,,,,,,,,,,,,,,2021-02-19T10:12,https://www.jma.go.jp/jp/warn/346_table.html
34625,JP-40,福岡県,北九州地方,京築,豊前市,,,,,,,,,,,,,,,,,,,,,,,,2021-02-19T10:12,https://www.jma.go.jp/jp/warn/346_table.html
34626,JP-40,福岡県,北九州地方,京築,苅田町,,,,,,,,,,,,,,,,,,,,,,,,2021-02-19T10:12,https://www.jma.go.jp/jp/warn/346_table.html
34627,JP-40,福岡県,北九州地方,京築,みやこ町,,,,,,,,,,,,,,,,,,,,,,,,2021-02-19T10:12,https://www.jma.go.jp/jp/warn/346_table.html
34628,JP-40,福岡県,北九州地方,京築,吉富町,,,,,,,,,,,,,,,,,,,,,,,,2021-02-19T10:12,https://www.jma.go.jp/jp/warn/346_table.html
34629,JP-40,福岡県,北九州地方,京築,上毛町,,,,,,,,,,,,,,,,,,,,,,,,2021-02-19T10:12,https://www.jma.go.jp/jp/warn/346_table.html
34630,JP-40,福岡県,北九州地方,京築,築上町,,,,,,,,,,,,,,,,,,,,,,,,2021-02-19T10:12,https://www.jma.go.jp/jp/warn/346_table.html
34631,JP-40,福岡県,筑豊地方,筑豊地方,直方市,,,,,,,,,,,,,,,,,,,,,,,,2021-02-19T10:12,https://www.jma.go.jp/jp/warn/346_table.html
34632,JP-40,福岡県,筑豊地方,筑豊地方,飯塚市,,,,,,,,,,,,,,,,,,,,,,,,2021-02-19T10:12,https://www.jma.go.jp/jp/warn/346_table.html
34633,JP-40,福岡県,筑豊地方,筑豊地方,田川市,,,,,,,,,,,,,,,,,,,,,,,,2021-02-19T10:12,https://www.jma.go.jp/jp/warn/346_table.html
34634,JP-40,福岡県,筑豊地方,筑豊地方,宮若市,,,,,,,,,,,,,,,,,,,,,,,,2021-02-19T10:12,https://www.jma.go.jp/jp/warn/346_table.html
34635,JP-40,福岡県,筑豊地方,筑豊地方,嘉麻市,,,,,,,,,,,,,,,,,,,,,,,,2021-02-19T10:12,https://www.jma.go.jp/jp/warn/346_table.html
34636,JP-40,福岡県,筑豊地方,筑豊地方,小竹町,,,,,,,,,,,,,,,,,,,,,,,,2021-02-19T10:12,https://www.jma.go.jp/jp/warn/346_table.html
34637,JP-40,福岡県,筑豊地方,筑豊地方,鞍手町,,,,,,,,,,,,,,,,,,,,,,,,2021-02-19T10:12,https://www.jma.go.jp/jp/warn/346_table.html
34638,JP-40,福岡県,筑豊地方,筑豊地方,桂川町,,,,,,,,,,,,,,,,,,,,,,,,2021-02-19T10:12,https://www.jma.go.jp/jp/warn/346_table.html
34639,JP-40,福岡県,筑豊地方,筑豊地方,香春町,,,,,,,,,,,,,,,,,,,,,,,,2021-02-19T10:12,https://www.jma.go.jp/jp/warn/346_table.html
34640,JP-40,福岡県,筑豊地方,筑豊地方,添田町,,,,,,,,,,,,,,,,,,,,,,,,2021-02-19T10:12,https://www.jma.go.jp/jp/warn/346_table.html
34641,JP-40,福岡県,筑豊地方,筑豊地方,糸田町,,,,,,,,,,,,,,,,,,,,,,,,2021-02-19T10:12,https://www.jma.go.jp/jp/warn/346_table.html
34642,JP-40,福岡県,筑豊地方,筑豊地方,川崎町,,,,,,,,,,,,,,,,,,,,,,,,2021-02-19T10:12,https://www.jma.go.jp/jp/warn/346_table.html
34643,JP-40,福岡県,筑豊地方,筑豊地方,大任町,,,,,,,,,,,,,,,,,,,,,,,,2021-02-19T10:12,https://www.jma.go.jp/jp/warn/346_table.html
34644,JP-40,福岡県,筑豊地方,筑豊地方,赤村,,,,,,,,,,,,,,,,,,,,,,,,2021-02-19T10:12,https://www.jma.go.jp/jp/warn/346_table.html
34645,JP-40,福岡県,筑豊地方,筑豊地方,福智町,,,,,,,,,,,,,,,,,,,,,,,,2021-02-19T10:12,https://www.jma.go.jp/jp/warn/346_table.html
34646,JP-40,福岡県,筑後地方,筑後北部,久留米市,,,,,,,,,,,,,,,,,,,,,,,,2021-02-19T10:12,https://www.jma.go.jp/jp/warn/346_table.html
34647,JP-40,福岡県,筑後地方,筑後北部,小郡市,,,,,,,,,,,,,,,,,,,,,,,,2021-02-19T10:12,https://www.jma.go.jp/jp/warn/346_table.html
34648,JP-40,福岡県,筑後地方,筑後北部,うきは市,,,,,,,,,,,,,,,,,,,,,,,,2021-02-19T10:12,https://www.jma.go.jp/jp/warn/346_table.html
34649,JP-40,福岡県,筑後地方,筑後北部,朝倉市,,,,,,,,,,,,,,,,,,,,,,,,2021-02-19T10:12,https://www.jma.go.jp/jp/warn/346_table.html
34650,JP-40,福岡県,筑後地方,筑後北部,筑前町,,,,,,,,,,,,,,,,,,,,,,,,2021-02-19T10:12,https://www.jma.go.jp/jp/warn/346_table.html
34651,JP-40,福岡県,筑後地方,筑後北部,東峰村,,,,,,,,,,,,,,,,,,,,,,,,2021-02-19T10:12,https://www.jma.go.jp/jp/warn/346_table.html
34652,JP-40,福岡県,筑後地方,筑後北部,大刀洗町,,,,,,,,,,,,,,,,,,,,,,,,2021-02-19T10:12,https://www.jma.go.jp/jp/warn/346_table.html
34653,JP-40,福岡県,筑後地方,筑後南部,大牟田市,,,,,,,,,,,,,,,,,,,,,,,,2021-02-19T10:12,https://www.jma.go.jp/jp/warn/346_table.html
34654,JP-40,福岡県,筑後地方,筑後南部,柳川市,,,,,,,,,,,,,,,,,,,,,,,,2021-02-19T10:12,https://www.jma.go.jp/jp/warn/346_table.html
34655,JP-40,福岡県,筑後地方,筑後南部,八女市,,,,,,,,,,,,,,,,,,,,,,,,2021-02-19T10:12,https://www.jma.go.jp/jp/warn/346_table.html
34656,JP-40,福岡県,筑後地方,筑後南部,筑後市,,,,,,,,,,,,,,,,,,,,,,,,2021-02-19T10:12,https://www.jma.go.jp/jp/warn/346_table.html
34657,JP-40,福岡県,筑後地方,筑後南部,大川市,,,,,,,,,,,,,,,,,,,,,,,,2021-02-19T10:12,https://www.jma.go.jp/jp/warn/346_table.html
34658,JP-40,福岡県,筑後地方,筑後南部,みやま市,,,,,,,,,,,,,,,,,,,,,,,,2021-02-19T10:12,https://www.jma.go.jp/jp/warn/346_table.html
34659,JP-40,福岡県,筑後地方,筑後南部,大木町,,,,,,,,,,,,,,,,,,,,,,,,2021-02-19T10:12,https://www.jma.go.jp/jp/warn/346_table.html
34660,JP-40,福岡県,筑後地方,筑後南部,広川町,,,,,,,,,,,,,,,,,,,,,,,,2021-02-19T10:12,https://www.jma.go.jp/jp/warn/346_table.html
34701,JP-41,佐賀県,南部,佐賀多久地区,佐賀市,,,,,,,,,,,,,,,,,,,,,,,,2021-02-19T07:17,https://www.jma.go.jp/jp/warn/347_table.html
34702,JP-41,佐賀県,南部,佐賀多久地区,多久市,,,,,,,,,,,,,,,,,,,,,,,,2021-02-19T07:17,https://www.jma.go.jp/jp/warn/347_table.html
34703,JP-41,佐賀県,南部,佐賀多久地区,小城市,,,,,,,,,,,,,,,,,,,,,,,,2021-02-19T07:17,https://www.jma.go.jp/jp/warn/347_table.html
34704,JP-41,佐賀県,南部,鳥栖地区,鳥栖市,,,,,,,,,,,,,,,,,,,,,,,,2021-02-19T07:17,https://www.jma.go.jp/jp/warn/347_table.html
34705,JP-41,佐賀県,南部,鳥栖地区,神埼市,,,,,,,,,,,,,,,,,,,,,,,,2021-02-19T07:17,https://www.jma.go.jp/jp/warn/347_table.html
34706,JP-41,佐賀県,南部,鳥栖地区,吉野ヶ里町,,,,,,,,,,,,,,,,,,,,,,,,2021-02-19T07:17,https://www.jma.go.jp/jp/warn/347_table.html
34707,JP-41,佐賀県,南部,鳥栖地区,基山町,,,,,,,,,,,,,,,,,,,,,,,,2021-02-19T07:17,https://www.jma.go.jp/jp/warn/347_table.html
34708,JP-41,佐賀県,南部,鳥栖地区,上峰町,,,,,,,,,,,,,,,,,,,,,,,,2021-02-19T07:17,https://www.jma.go.jp/jp/warn/347_table.html
34709,JP-41,佐賀県,南部,鳥栖地区,みやき町,,,,,,,,,,,,,,,,,,,,,,,,2021-02-19T07:17,https://www.jma.go.jp/jp/warn/347_table.html
34710,JP-41,佐賀県,南部,武雄地区,武雄市,,,,,,,,,,,,,,,,,,,,,,,,2021-02-19T07:17,https://www.jma.go.jp/jp/warn/347_table.html
34711,JP-41,佐賀県,南部,武雄地区,大町町,,,,,,,,,,,,,,,,,,,,,,,,2021-02-19T07:17,https://www.jma.go.jp/jp/warn/347_table.html
34712,JP-41,佐賀県,南部,武雄地区,江北町,,,,,,,,,,,,,,,,,,,,,,,,2021-02-19T07:17,https://www.jma.go.jp/jp/warn/347_table.html
34713,JP-41,佐賀県,南部,武雄地区,白石町,,,,,,,,,,,,,,,,,,,,,,,,2021-02-19T07:17,https://www.jma.go.jp/jp/warn/347_table.html
34714,JP-41,佐賀県,南部,鹿島地区,鹿島市,,,,,,,,,,,,,,,,,,,,,,,,2021-02-19T07:17,https://www.jma.go.jp/jp/warn/347_table.html
34715,JP-41,佐賀県,南部,鹿島地区,嬉野市,,,,,,,,,,,,,,,,,,,,,,,,2021-02-19T07:17,https://www.jma.go.jp/jp/warn/347_table.html
34716,JP-41,佐賀県,南部,鹿島地区,太良町,,,,,,,,,,,,,,,,,,,,,,,,2021-02-19T07:17,https://www.jma.go.jp/jp/warn/347_table.html
34717,JP-41,佐賀県,北部,唐津地区,唐津市,,,,,,,,,,1,,,,,,,,,,,,,,2021-02-19T07:17,https://www.jma.go.jp/jp/warn/347_table.html
34718,JP-41,佐賀県,北部,唐津地区,玄海町,,,,,,,,,,1,,,,,,,,,,,,,,2021-02-19T07:17,https://www.jma.go.jp/jp/warn/347_table.html
34719,JP-41,佐賀県,北部,伊万里地区,伊万里市,,,,,,,,,,,,,,,,,,,,,,,,2021-02-19T07:17,https://www.jma.go.jp/jp/warn/347_table.html
34720,JP-41,佐賀県,北部,伊万里地区,有田町,,,,,,,,,,,,,,,,,,,,,,,,2021-02-19T07:17,https://www.jma.go.jp/jp/warn/347_table.html
34801,JP-42,長崎県,南部,島原半島,島原市,,,,,,,,,,,,,,,,,,,,,,,,2021-02-19T06:11,https://www.jma.go.jp/jp/warn/348_table.html
34802,JP-42,長崎県,南部,島原半島,雲仙市,,,,,,,,,,,,,,,,,,,,,,,,2021-02-19T06:11,https://www.jma.go.jp/jp/warn/348_table.html
34803,JP-42,長崎県,南部,島原半島,南島原市,,,,,,,,,,,,,,,,,,,,,,,,2021-02-19T06:11,https://www.jma.go.jp/jp/warn/348_table.html
34804,JP-42,長崎県,南部,長崎地区,長崎市,,,,,,,,,,,,,,,,,,,,,,,,2021-02-19T06:11,https://www.jma.go.jp/jp/warn/348_table.html
34805,JP-42,長崎県,南部,長崎地区,長与町,,,,,,,,,,,,,,,,,,,,,,,,2021-02-19T06:11,https://www.jma.go.jp/jp/warn/348_table.html
34806,JP-42,長崎県,南部,長崎地区,時津町,,,,,,,,,,,,,,,,,,,,,,,,2021-02-19T06:11,https://www.jma.go.jp/jp/warn/348_table.html
34807,JP-42,長崎県,南部,諫早・大村地区,諫早市,,,,,,,,,,,,,,,,,,,,,,,,2021-02-19T06:11,https://www.jma.go.jp/jp/warn/348_table.html
34808,JP-42,長崎県,南部,諫早・大村地区,大村市,,,,,,,,,,,,,,,,,,,,,,,,2021-02-19T06:11,https://www.jma.go.jp/jp/warn/348_table.html
34809,JP-42,長崎県,南部,西彼杵半島,西海市（江島・平島を除く）,,,,,,,,,,,,,,,,,,,,,,,,2021-02-19T06:11,https://www.jma.go.jp/jp/warn/348_table.html
34810,JP-42,長崎県,北部,平戸・松浦地区,平戸市,,,,,,,,,,1,,,,,,,,,,,,,,2021-02-19T06:11,https://www.jma.go.jp/jp/warn/348_table.html
34811,JP-42,長崎県,北部,平戸・松浦地区,松浦市,,,,,,,,,,1,,,,,,,,,,,,,,2021-02-19T06:11,https://www.jma.go.jp/jp/warn/348_table.html
34812,JP-42,長崎県,北部,佐世保・東彼地区,佐世保市（宇久地域を除く）,,,,,,,,,,,,,,,,,,,,,,,,2021-02-19T06:11,https://www.jma.go.jp/jp/warn/348_table.html
34813,JP-42,長崎県,北部,佐世保・東彼地区,東彼杵町,,,,,,,,,,,,,,,,,,,,,,,,2021-02-19T06:11,https://www.jma.go.jp/jp/warn/348_table.html
34814,JP-42,長崎県,北部,佐世保・東彼地区,川棚町,,,,,,,,,,,,,,,,,,,,,,,,2021-02-19T06:11,https://www.jma.go.jp/jp/warn/348_table.html
34815,JP-42,長崎県,北部,佐世保・東彼地区,波佐見町,,,,,,,,,,,,,,,,,,,,,,,,2021-02-19T06:11,https://www.jma.go.jp/jp/warn/348_table.html
34816,JP-42,長崎県,北部,佐世保・東彼地区,佐々町,,,,,,,,,,,,,,,,,,,,,,,,2021-02-19T06:11,https://www.jma.go.jp/jp/warn/348_table.html
34817,JP-42,長崎県,壱岐・対馬,壱岐,壱岐市,,,,,,,,,,1,,,,,,,,1,,,,,,2021-02-19T06:11,https://www.jma.go.jp/jp/warn/348_table.html
34818,JP-42,長崎県,壱岐・対馬,上対馬,上対馬,,,,,,,,,,1,,,,,,,,1,,,,,,2021-02-19T06:11,https://www.jma.go.jp/jp/warn/348_table.html
34819,JP-42,長崎県,壱岐・対馬,下対馬,下対馬,,,,,,,,,,1,,,,,,,,1,,,,,,2021-02-19T06:11,https://www.jma.go.jp/jp/warn/348_table.html
34820,JP-42,長崎県,五島,上五島,佐世保市（宇久地域）,,,,,,,,,,,,,,,,,,,,,,,,2021-02-19T06:11,https://www.jma.go.jp/jp/warn/348_table.html
34821,JP-42,長崎県,五島,上五島,西海市（江島・平島）,,,,,,,,,,,,,,,,,,,,,,,,2021-02-19T06:11,https://www.jma.go.jp/jp/warn/348_table.html
34822,JP-42,長崎県,五島,上五島,小値賀町,,,,,,,,,,,,,,,,,,,,,,,,2021-02-19T06:11,https://www.jma.go.jp/jp/warn/348_table.html
34823,JP-42,長崎県,五島,上五島,新上五島町,,,,,,,,,,,,,,,,,,,,,,,,2021-02-19T06:11,https://www.jma.go.jp/jp/warn/348_table.html
34824,JP-42,長崎県,五島,下五島,五島市,,,,,,,,,,,,,,,,,,,,,,,,2021-02-19T06:11,https://www.jma.go.jp/jp/warn/348_table.html
34901,JP-43,熊本県,熊本地方,熊本市,熊本市,,,,,,,,,,,,,,,,,,,,,,,,2021-02-19T08:07,https://www.jma.go.jp/jp/warn/349_table.html
34902,JP-43,熊本県,熊本地方,山鹿菊池,山鹿市,,,,,,,,,,,,,,,,,,,,,,,,2021-02-19T08:07,https://www.jma.go.jp/jp/warn/349_table.html
34903,JP-43,熊本県,熊本地方,山鹿菊池,菊池市,,,,,,,,,,,,,,,,,,,,,,,,2021-02-19T08:07,https://www.jma.go.jp/jp/warn/349_table.html
34904,JP-43,熊本県,熊本地方,山鹿菊池,合志市,,,,,,,,,,,,,,,,,,,,,,,,2021-02-19T08:07,https://www.jma.go.jp/jp/warn/349_table.html
34905,JP-43,熊本県,熊本地方,山鹿菊池,大津町,,,,,,,,,,,,,,,,,,,,,,,,2021-02-19T08:07,https://www.jma.go.jp/jp/warn/349_table.html
34906,JP-43,熊本県,熊本地方,山鹿菊池,菊陽町,,,,,,,,,,,,,,,,,,,,,,,,2021-02-19T08:07,https://www.jma.go.jp/jp/warn/349_table.html
34907,JP-43,熊本県,熊本地方,荒尾玉名,荒尾市,,,,,,,,,,,,,,,,,,,,,,,,2021-02-19T08:07,https://www.jma.go.jp/jp/warn/349_table.html
34908,JP-43,熊本県,熊本地方,荒尾玉名,玉名市,,,,,,,,,,,,,,,,,,,,,,,,2021-02-19T08:07,https://www.jma.go.jp/jp/warn/349_table.html
34909,JP-43,熊本県,熊本地方,荒尾玉名,玉東町,,,,,,,,,,,,,,,,,,,,,,,,2021-02-19T08:07,https://www.jma.go.jp/jp/warn/349_table.html
34910,JP-43,熊本県,熊本地方,荒尾玉名,南関町,,,,,,,,,,,,,,,,,,,,,,,,2021-02-19T08:07,https://www.jma.go.jp/jp/warn/349_table.html
34911,JP-43,熊本県,熊本地方,荒尾玉名,長洲町,,,,,,,,,,,,,,,,,,,,,,,,2021-02-19T08:07,https://www.jma.go.jp/jp/warn/349_table.html
34912,JP-43,熊本県,熊本地方,荒尾玉名,和水町,,,,,,,,,,,,,,,,,,,,,,,,2021-02-19T08:07,https://www.jma.go.jp/jp/warn/349_table.html
34913,JP-43,熊本県,熊本地方,上益城,西原村,,,,,,,,,,,,,,,,,,,,,,,,2021-02-19T08:07,https://www.jma.go.jp/jp/warn/349_table.html
34914,JP-43,熊本県,熊本地方,上益城,御船町,,,,,,,,,,,,,,,,,,,,,,,,2021-02-19T08:07,https://www.jma.go.jp/jp/warn/349_table.html
34915,JP-43,熊本県,熊本地方,上益城,嘉島町,,,,,,,,,,,,,,,,,,,,,,,,2021-02-19T08:07,https://www.jma.go.jp/jp/warn/349_table.html
34916,JP-43,熊本県,熊本地方,上益城,益城町,,,,,,,,,,,,,,,,,,,,,,,,2021-02-19T08:07,https://www.jma.go.jp/jp/warn/349_table.html
34917,JP-43,熊本県,熊本地方,上益城,甲佐町,,,,,,,,,,,,,,,,,,,,,,,,2021-02-19T08:07,https://www.jma.go.jp/jp/warn/349_table.html
34918,JP-43,熊本県,熊本地方,上益城,山都町,,,,,,,,,,,,,,,,,,,,,,,,2021-02-19T08:07,https://www.jma.go.jp/jp/warn/349_table.html
34919,JP-43,熊本県,熊本地方,宇城八代,八代市,,,,,,,,,,,,,,,,,,,,,,,,2021-02-19T08:07,https://www.jma.go.jp/jp/warn/349_table.html
34920,JP-43,熊本県,熊本地方,宇城八代,宇土市,,,,,,,,,,,,,,,,,,,,,,,,2021-02-19T08:07,https://www.jma.go.jp/jp/warn/349_table.html
34921,JP-43,熊本県,熊本地方,宇城八代,宇城市,,,,,,,,,,,,,,,,,,,,,,,,2021-02-19T08:07,https://www.jma.go.jp/jp/warn/349_table.html
34922,JP-43,熊本県,熊本地方,宇城八代,美里町,,,,,,,,,,,,,,,,,,,,,,,,2021-02-19T08:07,https://www.jma.go.jp/jp/warn/349_table.html
34923,JP-43,熊本県,熊本地方,宇城八代,氷川町,,,,,,,,,,,,,,,,,,,,,,,,2021-02-19T08:07,https://www.jma.go.jp/jp/warn/349_table.html
34924,JP-43,熊本県,阿蘇地方,阿蘇地方,阿蘇市,,,,,,,,,,,,,,,,,,,,,,,,2021-02-19T08:07,https://www.jma.go.jp/jp/warn/349_table.html
34925,JP-43,熊本県,阿蘇地方,阿蘇地方,南小国町,,,,,,,,,,,,,,,,,,,,,,,,2021-02-19T08:07,https://www.jma.go.jp/jp/warn/349_table.html
34926,JP-43,熊本県,阿蘇地方,阿蘇地方,小国町,,,,,,,,,,,,,,,,,,,,,,,,2021-02-19T08:07,https://www.jma.go.jp/jp/warn/349_table.html
34927,JP-43,熊本県,阿蘇地方,阿蘇地方,産山村,,,,,,,,,,,,,,,,,,,,,,,,2021-02-19T08:07,https://www.jma.go.jp/jp/warn/349_table.html
34928,JP-43,熊本県,阿蘇地方,阿蘇地方,高森町,,,,,,,,,,,,,,,,,,,,,,,,2021-02-19T08:07,https://www.jma.go.jp/jp/warn/349_table.html
34929,JP-43,熊本県,阿蘇地方,阿蘇地方,南阿蘇村,,,,,,,,,,,,,,,,,,,,,,,,2021-02-19T08:07,https://www.jma.go.jp/jp/warn/349_table.html
34930,JP-43,熊本県,天草・芦北地方,天草地方,上天草市,,,,,,,,,,,,,,,,,,,,,,,,2021-02-19T08:07,https://www.jma.go.jp/jp/warn/349_table.html
34931,JP-43,熊本県,天草・芦北地方,天草地方,天草市,,,,,,,,,,,,,,,,,,,,,,,,2021-02-19T08:07,https://www.jma.go.jp/jp/warn/349_table.html
34932,JP-43,熊本県,天草・芦北地方,天草地方,苓北町,,,,,,,,,,,,,,,,,,,,,,,,2021-02-19T08:07,https://www.jma.go.jp/jp/warn/349_table.html
34933,JP-43,熊本県,天草・芦北地方,芦北地方,水俣市,,,,,,,,,,,,,,,,,,,,,,,,2021-02-19T08:07,https://www.jma.go.jp/jp/warn/349_table.html
34934,JP-43,熊本県,天草・芦北地方,芦北地方,芦北町,,,,,,,,,,,,,,,,,,,,,,,,2021-02-19T08:07,https://www.jma.go.jp/jp/warn/349_table.html
34935,JP-43,熊本県,天草・芦北地方,芦北地方,津奈木町,,,,,,,,,,,,,,,,,,,,,,,,2021-02-19T08:07,https://www.jma.go.jp/jp/warn/349_table.html
34936,JP-43,熊本県,球磨地方,球磨地方,人吉市,,,,,,,,,,,,,,,,,,,,,,,,2021-02-19T08:07,https://www.jma.go.jp/jp/warn/349_table.html
34937,JP-43,熊本県,球磨地方,球磨地方,錦町,,,,,,,,,,,,,,,,,,,,,,,,2021-02-19T08:07,https://www.jma.go.jp/jp/warn/349_table.html
34938,JP-43,熊本県,球磨地方,球磨地方,多良木町,,,,,,,,,,,,,,,,,,,,,,,,2021-02-19T08:07,https://www.jma.go.jp/jp/warn/349_table.html
34939,JP-43,熊本県,球磨地方,球磨地方,湯前町,,,,,,,,,,,,,,,,,,,,,,,,2021-02-19T08:07,https://www.jma.go.jp/jp/warn/349_table.html
34940,JP-43,熊本県,球磨地方,球磨地方,水上村,,,,,,,,,,,,,,,,,,,,,,,,2021-02-19T08:07,https://www.jma.go.jp/jp/warn/349_table.html
34941,JP-43,熊本県,球磨地方,球磨地方,相良村,,,,,,,,,,,,,,,,,,,,,,,,2021-02-19T08:07,https://www.jma.go.jp/jp/warn/349_table.html
34942,JP-43,熊本県,球磨地方,球磨地方,五木村,,,,,,,,,,,,,,,,,,,,,,,,2021-02-19T08:07,https://www.jma.go.jp/jp/warn/349_table.html
34943,JP-43,熊本県,球磨地方,球磨地方,山江村,,,,,,,,,,,,,,,,,,,,,,,,2021-02-19T08:07,https://www.jma.go.jp/jp/warn/349_table.html
34944,JP-43,熊本県,球磨地方,球磨地方,球磨村,,,,,,,,,,,,,,,,,,,,,,,,2021-02-19T08:07,https://www.jma.go.jp/jp/warn/349_table.html
34945,JP-43,熊本県,球磨地方,球磨地方,あさぎり町,,,,,,,,,,,,,,,,,,,,,,,,2021-02-19T08:07,https://www.jma.go.jp/jp/warn/349_table.html
35001,JP-44,大分県,中部,中部,大分市,,,,,,,,,,,,,,,,,,1,,,,,,2021-02-19T08:07,https://www.jma.go.jp/jp/warn/350_table.html
35002,JP-44,大分県,中部,中部,別府市,,,,,,,,,,,,,,,,,,1,,,,,,2021-02-19T08:07,https://www.jma.go.jp/jp/warn/350_table.html
35003,JP-44,大分県,中部,中部,臼杵市,,,,,,,,,,,,,,,,,,1,,,,,,2021-02-19T08:07,https://www.jma.go.jp/jp/warn/350_table.html
35004,JP-44,大分県,中部,中部,津久見市,,,,,,,,,,,,,,,,,,1,,,,,,2021-02-19T08:07,https://www.jma.go.jp/jp/warn/350_table.html
35005,JP-44,大分県,中部,中部,杵築市,,,,,,,,,,,,,,,,,,1,,,,,,2021-02-19T08:07,https://www.jma.go.jp/jp/warn/350_table.html
35006,JP-44,大分県,中部,中部,由布市,,,,,,,,,,,,,,,,,,1,,,,,,2021-02-19T08:07,https://www.jma.go.jp/jp/warn/350_table.html
35007,JP-44,大分県,中部,中部,日出町,,,,,,,,,,,,,,,,,,1,,,,,,2021-02-19T08:07,https://www.jma.go.jp/jp/warn/350_table.html
35008,JP-44,大分県,北部,北部,中津市,,,,,,,,,,,,,,,,,,1,,,,,,2021-02-19T08:07,https://www.jma.go.jp/jp/warn/350_table.html
35009,JP-44,大分県,北部,北部,豊後高田市,,,,,,,,,,,,,,,,,,1,,,,,,2021-02-19T08:07,https://www.jma.go.jp/jp/warn/350_table.html
35010,JP-44,大分県,北部,北部,宇佐市,,,,,,,,,,,,,,,,,,1,,,,,,2021-02-19T08:07,https://www.jma.go.jp/jp/warn/350_table.html
35011,JP-44,大分県,北部,北部,国東市,,,,,,,,,,,,,,,,,,1,,,,,,2021-02-19T08:07,https://www.jma.go.jp/jp/warn/350_table.html
35012,JP-44,大分県,北部,北部,姫島村,,,,,,,,,,,,,,,,,,1,,,,,,2021-02-19T08:07,https://www.jma.go.jp/jp/warn/350_table.html
35013,JP-44,大分県,西部,日田玖珠,日田市,,,,,,,,,,,,,,,,,,1,,,,,,2021-02-19T08:07,https://www.jma.go.jp/jp/warn/350_table.html
35014,JP-44,大分県,西部,日田玖珠,九重町,,,,,,,,,,,,,,,,,,1,,,,,,2021-02-19T08:07,https://www.jma.go.jp/jp/warn/350_table.html
35015,JP-44,大分県,西部,日田玖珠,玖珠町,,,,,,,,,,,,,,,,,,1,,,,,,2021-02-19T08:07,https://www.jma.go.jp/jp/warn/350_table.html
35016,JP-44,大分県,西部,竹田市,竹田市,,,,,,,,,,,,,,,,,,1,,,,,,2021-02-19T08:07,https://www.jma.go.jp/jp/warn/350_table.html
35017,JP-44,大分県,南部,佐伯市,佐伯市,,,,,,,,,,,,,,,,,,1,,,,,,2021-02-19T08:07,https://www.jma.go.jp/jp/warn/350_table.html
35018,JP-44,大分県,南部,豊後大野市,豊後大野市,,,,,,,,,,,,,,,,,,1,,,,,,2021-02-19T08:07,https://www.jma.go.jp/jp/warn/350_table.html
35101,JP-45,宮崎県,南部平野部,宮崎地区,宮崎市,,,,,,,,,,,,,,,,,,1,,,,,,2021-02-19T07:53,https://www.jma.go.jp/jp/warn/351_table.html
35102,JP-45,宮崎県,南部平野部,宮崎地区,国富町,,,,,,,,,,,,,,,,,,1,,,,,,2021-02-19T07:53,https://www.jma.go.jp/jp/warn/351_table.html
35103,JP-45,宮崎県,南部平野部,宮崎地区,綾町,,,,,,,,,,,,,,,,,,1,,,,,,2021-02-19T07:53,https://www.jma.go.jp/jp/warn/351_table.html
35104,JP-45,宮崎県,南部平野部,日南・串間地区,日南市,,,,,,,,,,,,,,,,,,1,,,,,,2021-02-19T07:53,https://www.jma.go.jp/jp/warn/351_table.html
35105,JP-45,宮崎県,南部平野部,日南・串間地区,串間市,,,,,,,,,,,,,,,,,,1,,,,,,2021-02-19T07:53,https://www.jma.go.jp/jp/warn/351_table.html
35106,JP-45,宮崎県,北部平野部,延岡・日向地区,延岡市,,,,,,,,,,,,,,,,,,1,,,,,,2021-02-19T07:53,https://www.jma.go.jp/jp/warn/351_table.html
35107,JP-45,宮崎県,北部平野部,延岡・日向地区,日向市,,,,,,,,,,,,,,,,,,1,,,,,,2021-02-19T07:53,https://www.jma.go.jp/jp/warn/351_table.html
35108,JP-45,宮崎県,北部平野部,延岡・日向地区,門川町,,,,,,,,,,,,,,,,,,1,,,,,,2021-02-19T07:53,https://www.jma.go.jp/jp/warn/351_table.html
35109,JP-45,宮崎県,北部平野部,西都・高鍋地区,西都市,,,,,,,,,,,,,,,,,,1,,,,,,2021-02-19T07:53,https://www.jma.go.jp/jp/warn/351_table.html
35110,JP-45,宮崎県,北部平野部,西都・高鍋地区,高鍋町,,,,,,,,,,,,,,,,,,1,,,,,,2021-02-19T07:53,https://www.jma.go.jp/jp/warn/351_table.html
35111,JP-45,宮崎県,北部平野部,西都・高鍋地区,新富町,,,,,,,,,,,,,,,,,,1,,,,,,2021-02-19T07:53,https://www.jma.go.jp/jp/warn/351_table.html
35112,JP-45,宮崎県,北部平野部,西都・高鍋地区,木城町,,,,,,,,,,,,,,,,,,1,,,,,,2021-02-19T07:53,https://www.jma.go.jp/jp/warn/351_table.html
35113,JP-45,宮崎県,北部平野部,西都・高鍋地区,川南町,,,,,,,,,,,,,,,,,,1,,,,,,2021-02-19T07:53,https://www.jma.go.jp/jp/warn/351_table.html
35114,JP-45,宮崎県,北部平野部,西都・高鍋地区,都農町,,,,,,,,,,,,,,,,,,1,,,,,,2021-02-19T07:53,https://www.jma.go.jp/jp/warn/351_table.html
35115,JP-45,宮崎県,南部山沿い,小林・えびの地区,小林市,,,,,,,,,,,,,,,,,,1,,,,,,2021-02-19T07:53,https://www.jma.go.jp/jp/warn/351_table.html
35116,JP-45,宮崎県,南部山沿い,小林・えびの地区,えびの市,,,,,,,,,,,,,,,,,,1,,,,,,2021-02-19T07:53,https://www.jma.go.jp/jp/warn/351_table.html
35117,JP-45,宮崎県,南部山沿い,小林・えびの地区,高原町,,,,,,,,,,,,,,,,,,1,,,,,,2021-02-19T07:53,https://www.jma.go.jp/jp/warn/351_table.html
35118,JP-45,宮崎県,南部山沿い,都城地区,都城市,,,,,,,,,,,,,,,,,,1,,,,,,2021-02-19T07:53,https://www.jma.go.jp/jp/warn/351_table.html
35119,JP-45,宮崎県,南部山沿い,都城地区,三股町,,,,,,,,,,,,,,,,,,1,,,,,,2021-02-19T07:53,https://www.jma.go.jp/jp/warn/351_table.html
35120,JP-45,宮崎県,北部山沿い,高千穂地区,高千穂町,,,,,,,,,,,,,,,,,,1,,,,,,2021-02-19T07:53,https://www.jma.go.jp/jp/warn/351_table.html
35121,JP-45,宮崎県,北部山沿い,高千穂地区,日之影町,,,,,,,,,,,,,,,,,,1,,,,,,2021-02-19T07:53,https://www.jma.go.jp/jp/warn/351_table.html
35122,JP-45,宮崎県,北部山沿い,高千穂地区,五ヶ瀬町,,,,,,,,,,,,,,,,,,1,,,,,,2021-02-19T07:53,https://www.jma.go.jp/jp/warn/351_table.html
35123,JP-45,宮崎県,北部山沿い,椎葉・美郷地区,西米良村,,,,,,,,,,,,,,,,,,1,,,,,,2021-02-19T07:53,https://www.jma.go.jp/jp/warn/351_table.html
35124,JP-45,宮崎県,北部山沿い,椎葉・美郷地区,諸塚村,,,,,,,,,,,,,,,,,,1,,,,,,2021-02-19T07:53,https://www.jma.go.jp/jp/warn/351_table.html
35125,JP-45,宮崎県,北部山沿い,椎葉・美郷地区,椎葉村,,,,,,,,,,,,,,,,,,1,,,,,,2021-02-19T07:53,https://www.jma.go.jp/jp/warn/351_table.html
35126,JP-45,宮崎県,北部山沿い,椎葉・美郷地区,美郷町,,,,,,,,,,,,,,,,,,1,,,,,,2021-02-19T07:53,https://www.jma.go.jp/jp/warn/351_table.html
35201,JP-46,鹿児島県,薩摩地方,鹿児島・日置,鹿児島市,,,,,,,,,,,,,,,,,,,,,,,,2021-02-19T10:10,https://www.jma.go.jp/jp/warn/352_table.html
35202,JP-46,鹿児島県,薩摩地方,鹿児島・日置,日置市,,,,,,,,,,,,,,,,,,,,,,,,2021-02-19T10:10,https://www.jma.go.jp/jp/warn/352_table.html
35203,JP-46,鹿児島県,薩摩地方,鹿児島・日置,いちき串木野市,,,,,,,,,,,,,,,,,,,,,,,,2021-02-19T10:10,https://www.jma.go.jp/jp/warn/352_table.html
35204,JP-46,鹿児島県,薩摩地方,出水・伊佐,阿久根市,,,,,,,,,,,,,,,,,,,,,,,,2021-02-19T10:10,https://www.jma.go.jp/jp/warn/352_table.html
35205,JP-46,鹿児島県,薩摩地方,出水・伊佐,出水市,,,,,,,,,,,,,,,,,,,,,,,,2021-02-19T10:10,https://www.jma.go.jp/jp/warn/352_table.html
35206,JP-46,鹿児島県,薩摩地方,出水・伊佐,伊佐市,,,,,,,,,,,,,,,,,,,,,,,,2021-02-19T10:10,https://www.jma.go.jp/jp/warn/352_table.html
35207,JP-46,鹿児島県,薩摩地方,出水・伊佐,長島町,,,,,,,,,,,,,,,,,,,,,,,,2021-02-19T10:10,https://www.jma.go.jp/jp/warn/352_table.html
35208,JP-46,鹿児島県,薩摩地方,川薩・姶良,薩摩川内市,,,,,,,,,,,,,,,,,,,,,,,,2021-02-19T10:10,https://www.jma.go.jp/jp/warn/352_table.html
35209,JP-46,鹿児島県,薩摩地方,川薩・姶良,霧島市,,,,,,,,,,,,,,,,,,,,,,,,2021-02-19T10:10,https://www.jma.go.jp/jp/warn/352_table.html
35210,JP-46,鹿児島県,薩摩地方,川薩・姶良,姶良市,,,,,,,,,,,,,,,,,,,,,,,,2021-02-19T10:10,https://www.jma.go.jp/jp/warn/352_table.html
35211,JP-46,鹿児島県,薩摩地方,川薩・姶良,さつま町,,,,,,,,,,,,,,,,,,,,,,,,2021-02-19T10:10,https://www.jma.go.jp/jp/warn/352_table.html
35212,JP-46,鹿児島県,薩摩地方,川薩・姶良,湧水町,,,,,,,,,,,,,,,,,,,,,,,,2021-02-19T10:10,https://www.jma.go.jp/jp/warn/352_table.html
35213,JP-46,鹿児島県,薩摩地方,甑島,薩摩川内市甑島,,,,,,,,,,,,,,,,,,,,,,,,2021-02-19T10:10,https://www.jma.go.jp/jp/warn/352_table.html
35214,JP-46,鹿児島県,薩摩地方,指宿・川辺,枕崎市,,,,,,,,,,,,,,,,,,,,,,,,2021-02-19T10:10,https://www.jma.go.jp/jp/warn/352_table.html
35215,JP-46,鹿児島県,薩摩地方,指宿・川辺,指宿市,,,,,,,,,,,,,,,,,,,,,,,,2021-02-19T10:10,https://www.jma.go.jp/jp/warn/352_table.html
35216,JP-46,鹿児島県,薩摩地方,指宿・川辺,南さつま市,,,,,,,,,,,,,,,,,,,,,,,,2021-02-19T10:10,https://www.jma.go.jp/jp/warn/352_table.html
35217,JP-46,鹿児島県,薩摩地方,指宿・川辺,南九州市,,,,,,,,,,,,,,,,,,,,,,,,2021-02-19T10:10,https://www.jma.go.jp/jp/warn/352_table.html
35218,JP-46,鹿児島県,大隅地方,曽於,曽於市,,,,,,,,,,,,,,,,,,,,,,,,2021-02-19T10:10,https://www.jma.go.jp/jp/warn/352_table.html
35219,JP-46,鹿児島県,大隅地方,曽於,志布志市,,,,,,,,,,,,,,,,,,,,,,,,2021-02-19T10:10,https://www.jma.go.jp/jp/warn/352_table.html
35220,JP-46,鹿児島県,大隅地方,曽於,大崎町,,,,,,,,,,,,,,,,,,,,,,,,2021-02-19T10:10,https://www.jma.go.jp/jp/warn/352_table.html
35221,JP-46,鹿児島県,大隅地方,肝属,鹿屋市,,,,,,,,,,,,,,,,,,,,,,,,2021-02-19T10:10,https://www.jma.go.jp/jp/warn/352_table.html
35222,JP-46,鹿児島県,大隅地方,肝属,垂水市,,,,,,,,,,,,,,,,,,,,,,,,2021-02-19T10:10,https://www.jma.go.jp/jp/warn/352_table.html
35223,JP-46,鹿児島県,大隅地方,肝属,東串良町,,,,,,,,,,,,,,,,,,,,,,,,2021-02-19T10:10,https://www.jma.go.jp/jp/warn/352_table.html
35224,JP-46,鹿児島県,大隅地方,肝属,錦江町,,,,,,,,,,,,,,,,,,,,,,,,2021-02-19T10:10,https://www.jma.go.jp/jp/warn/352_table.html
35225,JP-46,鹿児島県,大隅地方,肝属,南大隅町,,,,,,,,,,,,,,,,,,,,,,,,2021-02-19T10:10,https://www.jma.go.jp/jp/warn/352_table.html
35226,JP-46,鹿児島県,大隅地方,肝属,肝付町,,,,,,,,,,,,,,,,,,,,,,,,2021-02-19T10:10,https://www.jma.go.jp/jp/warn/352_table.html
35227,JP-46,鹿児島県,種子島・屋久島地方,種子島地方,西之表市,,,,,,,,,,,,,,,,,,,,,,,,2021-02-19T10:10,https://www.jma.go.jp/jp/warn/352_table.html
35228,JP-46,鹿児島県,種子島・屋久島地方,種子島地方,三島村,,,,,,,,,,,,,,,,,,,,,,,,2021-02-19T10:10,https://www.jma.go.jp/jp/warn/352_table.html
35229,JP-46,鹿児島県,種子島・屋久島地方,種子島地方,中種子町,,,,,,,,,,,,,,,,,,,,,,,,2021-02-19T10:10,https://www.jma.go.jp/jp/warn/352_table.html
35230,JP-46,鹿児島県,種子島・屋久島地方,種子島地方,南種子町,,,,,,,,,,,,,,,,,,,,,,,,2021-02-19T10:10,https://www.jma.go.jp/jp/warn/352_table.html
35231,JP-46,鹿児島県,種子島・屋久島地方,屋久島地方,屋久島町,,,,,,,,,,,,,,,,,,,,,,,,2021-02-19T10:10,https://www.jma.go.jp/jp/warn/352_table.html
35232,JP-46,鹿児島県,奄美地方,北部,奄美市,,,,,,,,,,,,,1,,,,,1,,,,,,2021-02-19T10:10,https://www.jma.go.jp/jp/warn/352_table.html
35233,JP-46,鹿児島県,奄美地方,北部,大和村,,,,,,,,,,,,,1,,,,,1,,,,,,2021-02-19T10:10,https://www.jma.go.jp/jp/warn/352_table.html
35234,JP-46,鹿児島県,奄美地方,北部,宇検村,,,,,,,,,,,,,1,,,,,1,,,,,,2021-02-19T10:10,https://www.jma.go.jp/jp/warn/352_table.html
35235,JP-46,鹿児島県,奄美地方,北部,瀬戸内町,,,,,,,,,,,,,1,,,,,1,,,,,,2021-02-19T10:10,https://www.jma.go.jp/jp/warn/352_table.html
35236,JP-46,鹿児島県,奄美地方,北部,龍郷町,,,,,,,,,,,,,1,,,,,1,,,,,,2021-02-19T10:10,https://www.jma.go.jp/jp/warn/352_table.html
35237,JP-46,鹿児島県,奄美地方,北部,喜界町,,,,,,,,,,,,,1,,,,,1,,,,,,2021-02-19T10:10,https://www.jma.go.jp/jp/warn/352_table.html
35238,JP-46,鹿児島県,奄美地方,南部,徳之島町,,,,,,,,,,,,,1,,,,,1,,,,,,2021-02-19T10:10,https://www.jma.go.jp/jp/warn/352_table.html
35239,JP-46,鹿児島県,奄美地方,南部,天城町,,,,,,,,,,,,,1,,,,,1,,,,,,2021-02-19T10:10,https://www.jma.go.jp/jp/warn/352_table.html
35240,JP-46,鹿児島県,奄美地方,南部,伊仙町,,,,,,,,,,,,,1,,,,,1,,,,,,2021-02-19T10:10,https://www.jma.go.jp/jp/warn/352_table.html
35241,JP-46,鹿児島県,奄美地方,南部,和泊町,,,,,,,,,,,,,1,,,,,1,,,,,,2021-02-19T10:10,https://www.jma.go.jp/jp/warn/352_table.html
35242,JP-46,鹿児島県,奄美地方,南部,知名町,,,,,,,,,,,,,1,,,,,1,,,,,,2021-02-19T10:10,https://www.jma.go.jp/jp/warn/352_table.html
35243,JP-46,鹿児島県,奄美地方,南部,与論町,,,,,,,,,,,,,1,,,,,1,,,,,,2021-02-19T10:10,https://www.jma.go.jp/jp/warn/352_table.html
35244,JP-46,鹿児島県,奄美地方,十島村,十島村,,,,,,,,,,,,,1,,,,,1,,,1,,,2021-02-19T10:10,https://www.jma.go.jp/jp/warn/352_table.html
35301,JP-47,沖縄県,本島中南部,南部,那覇市,,,,,,,,,,,,,1,,,,,1,,,,,,2021-02-19T04:11,https://www.jma.go.jp/jp/warn/353_table.html
35302,JP-47,沖縄県,本島中南部,南部,浦添市,,,,,,,,,,,,,1,,,,,1,,,,,,2021-02-19T04:11,https://www.jma.go.jp/jp/warn/353_table.html
35303,JP-47,沖縄県,本島中南部,南部,糸満市,,,,,,,,,,,,,1,,,,,1,,,,,,2021-02-19T04:11,https://www.jma.go.jp/jp/warn/353_table.html
35304,JP-47,沖縄県,本島中南部,南部,豊見城市,,,,,,,,,,,,,1,,,,,1,,,,,,2021-02-19T04:11,https://www.jma.go.jp/jp/warn/353_table.html
35305,JP-47,沖縄県,本島中南部,南部,南城市,,,,,,,,,,,,,1,,,,,1,,,,,,2021-02-19T04:11,https://www.jma.go.jp/jp/warn/353_table.html
35306,JP-47,沖縄県,本島中南部,南部,西原町,,,,,,,,,,,,,1,,,,,1,,,,,,2021-02-19T04:11,https://www.jma.go.jp/jp/warn/353_table.html
35307,JP-47,沖縄県,本島中南部,南部,与那原町,,,,,,,,,,,,,1,,,,,1,,,,,,2021-02-19T04:11,https://www.jma.go.jp/jp/warn/353_table.html
35308,JP-47,沖縄県,本島中南部,南部,南風原町,,,,,,,,,,,,,,,,,,1,,,,,,2021-02-19T04:11,https://www.jma.go.jp/jp/warn/353_table.html
35309,JP-47,沖縄県,本島中南部,南部,八重瀬町,,,,,,,,,,,,,1,,,,,1,,,,,,2021-02-19T04:11,https://www.jma.go.jp/jp/warn/353_table.html
35310,JP-47,沖縄県,本島中南部,中部,宜野湾市,,,,,,,,,,,,,1,,,,,1,,,,,,2021-02-19T04:11,https://www.jma.go.jp/jp/warn/353_table.html
35311,JP-47,沖縄県,本島中南部,中部,沖縄市,,,,,,,,,,,,,1,,,,,1,,,,,,2021-02-19T04:11,https://www.jma.go.jp/jp/warn/353_table.html
35312,JP-47,沖縄県,本島中南部,中部,うるま市,,,,,,,,,,,,,1,,,,,1,,,,,,2021-02-19T04:11,https://www.jma.go.jp/jp/warn/353_table.html
35313,JP-47,沖縄県,本島中南部,中部,読谷村,,,,,,,,,,,,,1,,,,,1,,,,,,2021-02-19T04:11,https://www.jma.go.jp/jp/warn/353_table.html
35314,JP-47,沖縄県,本島中南部,中部,嘉手納町,,,,,,,,,,,,,1,,,,,1,,,,,,2021-02-19T04:11,https://www.jma.go.jp/jp/warn/353_table.html
35315,JP-47,沖縄県,本島中南部,中部,北谷町,,,,,,,,,,,,,1,,,,,1,,,,,,2021-02-19T04:11,https://www.jma.go.jp/jp/warn/353_table.html
35316,JP-47,沖縄県,本島中南部,中部,北中城村,,,,,,,,,,,,,1,,,,,1,,,,,,2021-02-19T04:11,https://www.jma.go.jp/jp/warn/353_table.html
35317,JP-47,沖縄県,本島中南部,中部,中城村,,,,,,,,,,,,,1,,,,,1,,,,,,2021-02-19T04:11,https://www.jma.go.jp/jp/warn/353_table.html
35318,JP-47,沖縄県,本島中南部,慶良間・粟国諸島,渡嘉敷村,,,,,,,,,,,,,1,,,,,1,,,,,,2021-02-19T04:11,https://www.jma.go.jp/jp/warn/353_table.html
35319,JP-47,沖縄県,本島中南部,慶良間・粟国諸島,座間味村,,,,,,,,,,,,,1,,,,,1,,,,,,2021-02-19T04:11,https://www.jma.go.jp/jp/warn/353_table.html
35320,JP-47,沖縄県,本島中南部,慶良間・粟国諸島,粟国村,,,,,,,,,,,,,1,,,,,1,,,,,,2021-02-19T04:11,https://www.jma.go.jp/jp/warn/353_table.html
35321,JP-47,沖縄県,本島中南部,慶良間・粟国諸島,渡名喜村,,,,,,,,,,,,,1,,,,,1,,,,,,2021-02-19T04:11,https://www.jma.go.jp/jp/warn/353_table.html
35322,JP-47,沖縄県,本島北部,伊是名・伊平屋,伊平屋村,,,,,,,,,,,,,1,,,,,1,,,,,,2021-02-19T04:11,https://www.jma.go.jp/jp/warn/353_table.html
35323,JP-47,沖縄県,本島北部,伊是名・伊平屋,伊是名村,,,,,,,,,,,,,1,,,,,1,,,,,,2021-02-19T04:11,https://www.jma.go.jp/jp/warn/353_table.html
35324,JP-47,沖縄県,本島北部,国頭地区,国頭村,,,,,,,,,,,,,1,,,,,1,,,,,,2021-02-19T04:11,https://www.jma.go.jp/jp/warn/353_table.html
35325,JP-47,沖縄県,本島北部,国頭地区,大宜味村,,,,,,,,,,,,,1,,,,,1,,,,,,2021-02-19T04:11,https://www.jma.go.jp/jp/warn/353_table.html
35326,JP-47,沖縄県,本島北部,国頭地区,東村,,,,,,,,,,,,,1,,,,,1,,,,,,2021-02-19T04:11,https://www.jma.go.jp/jp/warn/353_table.html
35327,JP-47,沖縄県,本島北部,名護地区,名護市,,,,,,,,,,,,,1,,,,,1,,,,,,2021-02-19T04:11,https://www.jma.go.jp/jp/warn/353_table.html
35328,JP-47,沖縄県,本島北部,名護地区,今帰仁村,,,,,,,,,,,,,1,,,,,1,,,,,,2021-02-19T04:11,https://www.jma.go.jp/jp/warn/353_table.html
35329,JP-47,沖縄県,本島北部,名護地区,本部町,,,,,,,,,,,,,1,,,,,1,,,,,,2021-02-19T04:11,https://www.jma.go.jp/jp/warn/353_table.html
35330,JP-47,沖縄県,本島北部,名護地区,伊江村,,,,,,,,,,,,,1,,,,,1,,,,,,2021-02-19T04:11,https://www.jma.go.jp/jp/warn/353_table.html
35331,JP-47,沖縄県,本島北部,恩納・金武地区,恩納村,,,,,,,,,,,,,1,,,,,1,,,,,,2021-02-19T04:11,https://www.jma.go.jp/jp/warn/353_table.html
35332,JP-47,沖縄県,本島北部,恩納・金武地区,宜野座村,,,,,,,,,,,,,1,,,,,1,,,,,,2021-02-19T04:11,https://www.jma.go.jp/jp/warn/353_table.html
35333,JP-47,沖縄県,本島北部,恩納・金武地区,金武町,,,,,,,,,,,,,1,,,,,1,,,,,,2021-02-19T04:11,https://www.jma.go.jp/jp/warn/353_table.html
35334,JP-47,沖縄県,久米島,久米島,久米島町,,,,,,,,,,,,,1,,,,,1,,,,,,2021-02-19T04:11,https://www.jma.go.jp/jp/warn/353_table.html
35401,JP-47,沖縄県,大東島地方,大東島地方,南大東村,,,,,,,,,,,,,1,,,,,,,,,,,2021-02-19T04:12,https://www.jma.go.jp/jp/warn/354_table.html
35402,JP-47,沖縄県,大東島地方,大東島地方,北大東村,,,,,,,,,,,,,1,,,,,,,,,,,2021-02-19T04:12,https://www.jma.go.jp/jp/warn/354_table.html
35501,JP-47,沖縄県,宮古島地方,宮古島,宮古島市,,,,,,,,,,,,,1,,,,,,,,,,,2021-02-19T04:04,https://www.jma.go.jp/jp/warn/355_table.html
35502,JP-47,沖縄県,宮古島地方,多良間島,多良間村,,,,,,,,,,,,,1,,,,,,,,,,,2021-02-19T04:04,https://www.jma.go.jp/jp/warn/355_table.html
35601,JP-47,沖縄県,石垣島地方,石垣市,石垣市,,,,,,,,,,,,,1,,,,,,,,,,,2021-02-19T03:50,https://www.jma.go.jp/jp/warn/356_table.html
35602,JP-47,沖縄県,石垣島地方,竹富町,竹富町,,,,,,,,,,,,,1,,,,,,,,,,,2021-02-19T03:50,https://www.jma.go.jp/jp/warn/356_table.html
35603,JP-47,沖縄県,与那国島地方,与那国島地方,与那国町,,,,,,,,,,,,,1,,,,,,,,,,,2021-02-19T03:50,https://www.jma.go.jp/jp/warn/356_table.html